1.000000 20.000000 20.000000 1.000000
0.114660 0.189474 0.856658 0.159952 0.063045 0.913521 0.140904 0.099644 1.326820 0.204455 0.145737 0.795260 0.294134 0.150014 1.091580 0.275953 0.205639 1.288157 0.036771 0.029600 0.368017 0.458538 0.024078 1.240829 0.106508 0.173847 0.900126 0.333731 0.180885 1.472262 0.157643 0.029097 0.943235 0.431433 0.090486 1.345451 0.176551 0.145956 0.723030 0.158725 0.211937 1.316397 0.013869 0.166009 1.384743 0.015983 0.212598 1.325976 0.214386 0.222387 1.777029 0.310540 0.085595 0.685813 0.354485 0.214117 1.539839 0.031987 0.138094 0.837099 
0.366601 0.164385 1.578562 0.443294 0.071686 0.907259 0.088098 0.180269 1.196473 0.443833 0.160197 1.461708 0.245233 0.080347 0.643502 0.286623 0.092210 0.825866 0.253060 0.137161 1.116797 0.253504 0.106482 1.195004 0.031786 0.139484 0.656213 0.372691 0.070922 1.314537 0.469307 0.103247 1.434081 0.179925 0.165362 0.970529 0.260080 0.133160 0.815430 0.286866 0.102927 0.697735 0.433077 0.223871 1.644080 0.246849 0.120117 1.085859 0.035458 0.029003 0.259513 0.468238 0.195658 1.774931 0.135841 0.119962 1.301875 0.345929 0.227151 1.743903 
0.014679 0.021831 0.685756 0.118985 0.030310 0.496687 0.373155 0.143441 1.365818 0.459224 0.041111 1.385181 0.133636 0.078598 0.791277 0.387891 0.035900 1.388446 0.201215 0.099722 0.925150 0.263838 0.168117 1.594405 0.397802 0.183730 1.566982 0.197036 0.059019 0.582750 0.424883 0.080051 1.344415 0.077652 0.090652 0.814841 0.106196 0.035406 0.739308 0.221727 0.112132 0.693331 0.407568 0.042156 0.796040 0.215216 0.190099 1.249397 0.284101 0.080339 1.132937 0.374928 0.122626 1.031041 0.335272 0.113654 0.839265 0.087090 0.111076 1.052447 
0.164120 0.062789 0.505848 0.155056 0.024675 0.918449 0.113005 0.188470 1.010842 0.181904 0.212764 1.708464 0.393996 0.117263 1.618356 0.050785 0.054542 0.832973 0.126225 0.114836 0.862844 0.271549 0.042114 1.224867 0.064745 0.175444 0.847289 0.365811 0.043729 0.629018 0.129472 0.087127 0.898237 0.437877 0.103937 1.564250 0.094451 0.126034 1.225307 0.461847 0.181819 1.088122 0.234244 0.219309 1.577779 0.407452 0.178603 1.306003 0.357865 0.116739 0.790076 0.282323 0.093475 0.854087 0.450582 0.061344 1.187714 0.123460 0.060267 0.587600 
0.320280 0.206594 1.710735 0.180245 0.033407 1.195539 0.068001 0.170253 1.089715 0.186142 0.049243 1.208393 0.076122 0.083309 0.624123 0.265545 0.046644 0.625264 0.250893 0.123511 0.917569 0.282345 0.134204 1.042925 0.404564 0.052574 1.229997 0.277764 0.154798 1.098887 0.413774 0.054239 0.878373 0.361194 0.141940 1.346733 0.023866 0.037374 0.632671 0.137993 0.039614 0.352761 0.370709 0.222817 1.495638 0.265485 0.116219 0.979548 0.449580 0.103755 1.364314 0.355318 0.031677 1.148118 0.252548 0.080359 0.799827 0.061687 0.070232 0.935304 
0.314300 0.076918 0.929902 0.156919 0.169733 1.135611 0.328425 0.143211 1.313237 0.353827 0.056781 0.780287 0.149837 0.131800 1.333877 0.077512 0.194016 1.181488 0.208808 0.040895 0.972276 0.233195 0.088206 0.898182 0.021810 0.047083 0.700977 0.066241 0.107630 1.134716 0.337985 0.159571 1.103199 0.436611 0.156487 1.646189 0.202272 0.143928 0.872198 0.210857 0.138081 1.362702 0.086662 0.124904 0.672221 0.432087 0.086995 1.114535 0.078327 0.097681 0.895420 0.026715 0.029646 0.592836 0.135439 0.067971 1.128341 0.343543 0.182609 1.263986 
0.416680 0.153709 1.442583 0.278423 0.159529 1.335807 0.092603 0.231975 0.909693 0.142843 0.063451 0.720462 0.417254 0.046664 0.881883 0.350348 0.156660 1.046150 0.153402 0.202126 1.398087 0.375948 0.062098 0.753292 0.108377 0.080580 1.137728 0.454080 0.125766 0.984121 0.441673 0.126649 1.365143 0.205623 0.023678 0.768312 0.015670 0.016152 0.611880 0.043173 0.062927 0.685768 0.064908 0.079183 0.577489 0.223266 0.196241 1.330702 0.141665 0.046333 0.568705 0.196167 0.170311 1.329730 0.330044 0.159179 1.516896 0.345996 0.188416 1.413508 
0.344231 0.199928 1.319886 0.244905 0.165040 1.088624 0.340535 0.234111 1.501800 0.250492 0.211497 0.988706 0.412360 0.178928 1.284234 0.145385 0.113410 1.355109 0.060596 0.166562 1.076358 0.386933 0.059947 1.030641 0.245890 0.125110 1.164130 0.116518 0.181777 1.054832 0.032544 0.102576 0.993685 0.273457 0.137708 0.794302 0.101509 0.168051 0.902611 0.126539 0.100138 0.882476 0.260411 0.031415 0.837874 0.292985 0.129229 1.047730 0.021401 0.111948 1.043967 0.054898 0.185813 1.310216 0.146347 0.085615 1.189070 0.321878 0.127973 1.427575 
0.416762 0.185384 1.419738 0.180804 0.074700 0.745014 0.404194 0.097868 1.220435 0.145355 0.120687 0.984170 0.268450 0.122399 1.488434 0.275534 0.152178 1.407127 0.305447 0.035242 0.569729 0.481087 0.136762 1.383083 0.368892 0.172953 1.150720 0.026934 0.225077 1.376171 0.123466 0.024757 0.770883 0.342473 0.166396 1.533896 0.138609 0.165373 1.556351 0.048142 0.107846 0.818215 0.218310 0.140846 0.780526 0.380187 0.087728 1.033552 0.279897 0.188882 1.335216 0.131880 0.192067 1.333859 0.078943 0.232236 1.399253 0.104251 0.188699 1.022321 
0.055752 0.109537 1.198911 0.286160 0.094929 0.896645 0.210619 0.087034 1.050342 0.263744 0.148840 1.045780 0.483824 0.074673 1.435617 0.481048 0.061902 1.005692 0.190349 0.041256 1.128514 0.403643 0.218556 1.411105 0.459182 0.174234 1.359355 0.394740 0.061467 0.711654 0.341324 0.078815 0.929450 0.333957 0.118095 0.966623 0.177414 0.163961 1.310715 0.362703 0.025574 1.194512 0.311886 0.016655 0.809696 0.387807 0.084717 0.864649 0.205507 0.195356 1.664297 0.182365 0.072622 0.716343 0.324498 0.171747 1.675130 0.190518 0.059456 0.775528 
0.272002 0.176019 1.557831 0.250784 0.119527 1.100294 0.211679 0.221566 1.137823 0.264426 0.173464 1.160755 0.331146 0.071486 0.642505 0.363786 0.183981 1.457542 0.345370 0.126102 0.965332 0.215753 0.169114 1.495974 0.118556 0.210148 1.235053 0.081281 0.085874 0.884197 0.076118 0.186376 0.978673 0.201593 0.121786 0.750167 0.104635 0.218970 1.295338 0.041641 0.150060 1.041293 0.439072 0.050594 1.432861 0.281425 0.058686 0.889431 0.337844 0.063363 1.159608 0.104670 0.083209 0.898982 0.225300 0.083518 1.329706 0.093348 0.182873 1.383128 
0.328273 0.176654 1.622182 0.224164 0.161904 1.460284 0.414968 0.174004 1.292850 0.081589 0.168977 0.823247 0.464768 0.081043 0.878720 0.030151 0.026731 0.343043 0.252255 0.169749 1.280482 0.137754 0.080975 0.539982 0.283565 0.168814 1.421693 0.467399 0.106267 1.087914 0.396807 0.220207 1.943037 0.084913 0.029470 0.476825 0.148230 0.046955 0.752904 0.164617 0.112266 1.026126 0.066880 0.210147 1.631136 0.211411 0.081894 1.331879 0.475127 0.163899 1.264239 0.451450 0.111170 1.107642 0.368437 0.109912 1.497131 0.309327 0.216341 1.873004 
0.351873 0.131582 1.082719 0.143068 0.141984 1.409721 0.068128 0.047159 0.626094 0.112950 0.097025 0.712613 0.048610 0.062857 0.490103 0.278008 0.115471 1.070743 0.158929 0.040151 0.792745 0.433590 0.055894 0.906872 0.146909 0.162633 1.062377 0.319853 0.177071 1.663450 0.170602 0.161033 1.375974 0.239380 0.032734 0.793467 0.140038 0.165027 1.213554 0.103307 0.190568 1.149583 0.216578 0.088853 0.966837 0.353754 0.194367 1.431636 0.419722 0.140653 1.061453 0.374668 0.160389 0.921975 0.091228 0.225471 0.992030 0.312528 0.229329 1.181433 
0.114711 0.217466 1.422910 0.301800 0.147260 1.271141 0.111343 0.116363 0.970265 0.308005 0.025276 0.708889 0.358394 0.061453 1.234012 0.164968 0.215209 1.328162 0.307048 0.161462 0.926075 0.070856 0.060216 0.886513 0.215855 0.096902 0.994471 0.134089 0.218452 1.281429 0.259605 0.086118 0.747986 0.214853 0.011015 0.977451 0.150298 0.032968 0.900887 0.115190 0.019180 0.926910 0.445462 0.113163 1.335626 0.245879 0.130025 1.426173 0.183887 0.219324 1.483991 0.280938 0.220872 1.151240 0.319199 0.034960 0.748488 0.212559 0.175197 1.124861 
0.259858 0.050853 1.097919 0.213010 0.022348 0.791193 0.278065 0.080046 0.740331 0.366550 0.027157 1.129508 0.212579 0.091662 0.939097 0.131786 0.036104 0.925501 0.058812 0.055893 0.721431 0.230207 0.155162 0.899505 0.441556 0.072078 0.871239 0.268849 0.121118 1.304021 0.282679 0.184102 1.227256 0.415396 0.097555 1.520712 0.279974 0.178255 1.296928 0.160528 0.124468 1.240052 0.043269 0.124726 0.572951 0.317981 0.151728 0.965654 0.418337 0.112992 1.194937 0.201814 0.116156 1.081026 0.197511 0.170570 1.361257 0.065360 0.216728 1.218636 
0.126110 0.025720 0.625772 0.435288 0.056482 1.161854 0.293456 0.114987 1.304659 0.048681 0.120860 0.553683 0.299343 0.089445 1.031890 0.301996 0.182168 1.685639 0.225333 0.062499 1.291311 0.199411 0.142509 0.966355 0.401525 0.028215 1.303539 0.411386 0.047552 1.387862 0.047301 0.029313 0.526249 0.145270 0.146515 1.006139 0.121876 0.032130 1.099452 0.374896 0.121652 0.887077 0.451473 0.169899 1.385619 0.476794 0.236052 2.007283 0.084890 0.145214 1.172515 0.423898 0.020172 0.563552 0.346390 0.201164 1.194033 0.129483 0.034689 0.716084 
0.120840 0.161873 1.423706 0.043336 0.179459 0.835701 0.337339 0.088713 1.354448 0.327261 0.025548 0.845893 0.407740 0.158186 1.310240 0.081412 0.082471 0.575186 0.347552 0.103796 1.480264 0.041390 0.212963 1.484337 0.391691 0.047267 0.722980 0.388499 0.070258 1.341727 0.396193 0.190249 1.160879 0.136984 0.052643 0.602488 0.328327 0.155310 1.207564 0.058316 0.231542 1.259379 0.455118 0.201136 1.772645 0.102547 0.233126 1.305408 0.258466 0.141030 1.476374 0.408061 0.024129 0.914292 0.448638 0.155593 1.421872 0.453813 0.128525 1.022016 
0.120169 0.151618 0.889860 0.235874 0.080495 1.162905 0.428498 0.143650 1.030241 0.113012 0.086462 0.619765 0.054608 0.220028 1.382624 0.298982 0.038941 0.569277 0.433975 0.098194 1.307938 0.258397 0.140398 1.037327 0.137869 0.080718 0.465542 0.082260 0.109338 0.948154 0.282528 0.087836 1.338134 0.174034 0.060524 0.761954 0.293137 0.176634 1.499970 0.442889 0.223789 1.849805 0.446491 0.029560 1.249166 0.264228 0.091489 1.396360 0.270490 0.201366 1.765728 0.328750 0.225217 1.165923 0.120961 0.114702 1.327583 0.233314 0.084894 1.132596 
0.426744 0.065892 1.325423 0.144332 0.107500 1.149798 0.250967 0.063458 1.146686 0.203617 0.094862 0.672333 0.401519 0.133862 1.061558 0.332288 0.138325 1.151076 0.140169 0.058490 1.104018 0.400901 0.179272 1.045626 0.212868 0.065558 1.131120 0.374424 0.172923 1.732787 0.155619 0.140407 0.730768 0.195522 0.098414 0.650424 0.212109 0.067757 0.985159 0.236304 0.043109 1.009363 0.388412 0.127498 1.105979 0.126318 0.090034 0.903459 0.445538 0.094397 1.534950 0.059209 0.189646 1.108604 0.139292 0.201470 1.277261 0.433018 0.169474 1.443948 
0.319768 0.154463 1.089634 0.206626 0.198784 1.135419 0.181077 0.113437 1.180661 0.402433 0.111439 0.978711 0.451895 0.028201 0.630668 0.178877 0.176459 1.537258 0.211698 0.080487 0.749966 0.306803 0.038955 0.556166 0.181227 0.113773 0.964462 0.186887 0.209232 1.658886 0.452769 0.139462 1.494248 0.242249 0.107836 1.285212 0.212109 0.226600 1.453631 0.150043 0.220108 0.914699 0.028360 0.200549 1.021631 0.269432 0.088912 0.913792 0.471084 0.220294 1.850247 0.137493 0.156346 0.833649 0.164379 0.084234 0.849136 0.223163 0.217144 0.986406 
2.000000 20.000000 20.000000 1.000000
0.061585 0.045019 1.093102 0.082690 0.018864 1.075798 0.071230 0.025989 1.427320 0.106920 0.035846 1.076944 0.147154 0.036141 1.306960 0.134991 0.047711 1.513262 0.028929 0.010701 0.546039 0.218050 0.008588 1.407056 0.059106 0.041120 1.112039 0.161853 0.042866 1.720022 0.089445 0.011279 1.145555 0.206116 0.023531 1.563956 0.091889 0.037299 1.008472 0.079371 0.050899 1.486819 0.012819 0.043391 1.518655 0.014875 0.050659 1.487283 0.107059 0.052232 1.921541 0.154649 0.025887 1.045519 0.169596 0.049296 1.758117 0.025147 0.037504 1.045994 
0.177928 0.039675 1.790899 0.211323 0.019470 1.199382 0.054610 0.042643 1.390186 0.214236 0.038168 1.717597 0.124438 0.021707 0.897016 0.143528 0.023985 1.086807 0.124264 0.032122 1.291451 0.126762 0.027088 1.396316 0.025968 0.034662 0.880323 0.181844 0.019764 1.511336 0.227333 0.025186 1.690629 0.095216 0.038934 1.203787 0.127193 0.032490 1.034970 0.142749 0.028453 0.993083 0.208882 0.051383 1.902862 0.120621 0.031817 1.307496 0.028463 0.012284 0.514167 0.224079 0.044721 1.980557 0.077604 0.032737 1.505463 0.165458 0.053095 1.980652 
0.014156 0.008288 0.760470 0.064627 0.008998 0.663993 0.179539 0.034571 1.594294 0.222663 0.014630 1.643385 0.076386 0.019277 1.000410 0.185243 0.010835 1.519235 0.102930 0.025532 1.155276 0.132708 0.039676 1.787718 0.188670 0.044058 1.784549 0.106291 0.016199 0.838680 0.204273 0.020257 1.543736 0.047258 0.022909 0.985290 0.055433 0.012077 0.854728 0.114671 0.027196 0.911609 0.198586 0.016338 1.122982 0.112542 0.044174 1.467557 0.140596 0.021493 1.290094 0.186243 0.030621 1.328382 0.164774 0.028050 1.136957 0.048317 0.027586 1.169518 
0.081667 0.016338 0.711767 0.077144 0.008359 1.002185 0.059829 0.045123 1.247734 0.095305 0.048694 1.885617 0.185769 0.028971 1.790587 0.035145 0.014624 0.958603 0.065863 0.027342 1.028811 0.132361 0.014808 1.379726 0.044234 0.040092 1.062375 0.175015 0.013973 0.882499 0.076037 0.021144 1.070741 0.208156 0.026337 1.772752 0.053818 0.030089 1.334460 0.219420 0.043196 1.417172 0.124330 0.052360 1.794379 0.198251 0.043978 1.611287 0.178916 0.029108 1.116325 0.145317 0.022984 1.098105 0.217289 0.016402 1.387577 0.064465 0.015730 0.752568 
0.154644 0.045874 1.872172 0.089986 0.012763 1.326850 0.039425 0.039930 1.263828 0.092496 0.015608 1.322619 0.045010 0.020964 0.823680 0.126751 0.014373 0.837430 0.124304 0.029335 1.123330 0.141554 0.031283 1.282432 0.192650 0.016198 1.422214 0.140352 0.035128 1.323837 0.201468 0.016858 1.167893 0.179363 0.033374 1.599785 0.018972 0.012381 0.739508 0.074176 0.014133 0.596113 0.177874 0.051844 1.733244 0.138789 0.030362 1.264050 0.217473 0.025460 1.592594 0.173635 0.009763 1.311939 0.126259 0.019216 1.031854 0.038828 0.020074 1.059297 
0.157018 0.023312 1.230322 0.083270 0.039811 1.347742 0.157878 0.036406 1.527007 0.170892 0.015831 1.056984 0.078253 0.031526 1.432161 0.045474 0.044540 1.330790 0.103263 0.014697 1.140001 0.116220 0.021397 1.073783 0.018195 0.013197 0.822707 0.041453 0.027507 1.232754 0.169136 0.038000 1.410960 0.212024 0.037609 1.871492 0.099976 0.033736 1.104092 0.101781 0.032754 1.448201 0.050695 0.031523 0.892031 0.205379 0.023660 1.367849 0.046584 0.023207 1.014081 0.019974 0.009918 0.727840 0.071897 0.018825 1.243254 0.166694 0.042428 1.532187 
0.204603 0.038577 1.732270 0.137274 0.040750 1.564840 0.053561 0.054749 1.176926 0.076896 0.018817 0.881051 0.202558 0.015142 1.164288 0.169173 0.038500 1.356257 0.080610 0.046752 1.549358 0.181815 0.017379 1.045421 0.060897 0.020556 1.222488 0.216283 0.031416 1.325046 0.213568 0.030761 1.606737 0.106310 0.009367 0.956595 0.012766 0.007394 0.678147 0.024079 0.016570 0.787295 0.036029 0.020801 0.724659 0.112106 0.044672 1.496425 0.070395 0.015511 0.778708 0.095855 0.040017 1.492596 0.160160 0.038601 1.752782 0.173377 0.045851 1.724513 
0.172442 0.048353 1.641531 0.124171 0.041379 1.359001 0.166672 0.056279 1.765527 0.125710 0.050422 1.287262 0.200595 0.042562 1.595789 0.077946 0.030400 1.500153 0.037851 0.039118 1.233618 0.189698 0.017531 1.283253 0.122993 0.031264 1.369765 0.061260 0.043992 1.260156 0.024578 0.026278 1.097626 0.132672 0.033556 1.068614 0.052295 0.039514 1.082948 0.062796 0.024759 1.008242 0.126873 0.011119 0.995686 0.143699 0.031448 1.288128 0.017598 0.029041 1.152246 0.030288 0.044659 1.460866 0.075249 0.025067 1.375567 0.157566 0.033548 1.655352 
0.198662 0.044710 1.697019 0.096740 0.021144 0.971102 0.194789 0.025761 1.468661 0.078794 0.031182 1.188902 0.136752 0.031016 1.684717 0.138841 0.035333 1.603768 0.150627 0.012391 0.866267 0.236049 0.033637 1.665438 0.181906 0.042974 1.488912 0.022507 0.051716 1.481326 0.064273 0.010951 0.938087 0.166334 0.039454 1.736898 0.070549 0.040837 1.683200 0.030656 0.026991 0.975583 0.110486 0.032043 1.002343 0.186751 0.023897 1.287901 0.136233 0.045581 1.597765 0.066709 0.047171 1.519270 0.043469 0.055194 1.593409 0.058102 0.045710 1.254997 
0.037368 0.028195 1.315163 0.138677 0.023875 1.127394 0.108610 0.023943 1.234888 0.132437 0.035851 1.303828 0.236103 0.019777 1.668849 0.234495 0.017559 1.349260 0.102984 0.013116 1.248493 0.199241 0.051161 1.752933 0.224182 0.043270 1.676391 0.190726 0.018577 1.026331 0.166359 0.020492 1.145821 0.164319 0.030145 1.247828 0.091092 0.039753 1.512030 0.172713 0.009795 1.364845 0.157603 0.006543 1.028393 0.190248 0.021408 1.156791 0.106516 0.045172 1.803281 0.091602 0.021699 0.981414 0.156149 0.040599 1.854107 0.093468 0.019040 1.013313 
0.132503 0.042900 1.782162 0.125374 0.031682 1.346916 0.108859 0.052108 1.405282 0.130598 0.042576 1.379495 0.168147 0.020170 0.965770 0.179319 0.041548 1.646762 0.169163 0.032158 1.291162 0.109394 0.041919 1.658015 0.065012 0.050150 1.459513 0.048010 0.023702 1.022480 0.045286 0.044237 1.180480 0.098783 0.031131 0.971122 0.053902 0.050852 1.448906 0.029927 0.035618 1.209543 0.209088 0.015028 1.632830 0.143278 0.015161 1.127565 0.166154 0.018357 1.384128 0.060172 0.020808 1.050381 0.112629 0.023057 1.517092 0.052995 0.043798 1.567826 
0.162686 0.044009 1.896511 0.114579 0.040168 1.678908 0.196835 0.042584 1.572667 0.050156 0.040767 1.025890 0.218779 0.020355 1.110067 0.027478 0.011126 0.536551 0.122844 0.038430 1.419552 0.075257 0.022659 0.801096 0.139240 0.041098 1.613956 0.225902 0.028877 1.463042 0.190650 0.051139 2.133249 0.048950 0.010420 0.650386 0.073175 0.015141 0.911607 0.079390 0.029586 1.213220 0.041177 0.047515 1.744374 0.109102 0.023509 1.507229 0.232858 0.038437 1.596743 0.220980 0.028562 1.420544 0.180353 0.029496 1.738723 0.153436 0.052479 2.111792 
0.170926 0.035326 1.411993 0.075356 0.034738 1.541515 0.039199 0.015216 0.786257 0.057067 0.023441 0.832011 0.034532 0.016765 0.652416 0.131983 0.027735 1.232921 0.085866 0.013482 0.959684 0.204666 0.015212 1.143480 0.080175 0.039174 1.289691 0.156430 0.043723 1.877420 0.090719 0.039021 1.569688 0.116272 0.010566 0.976342 0.070906 0.037726 1.347494 0.053957 0.043909 1.316815 0.109383 0.025773 1.220893 0.173762 0.045281 1.703830 0.207027 0.036958 1.413756 0.184854 0.040700 1.254052 0.055779 0.052728 1.221359 0.153499 0.055688 1.516043 
0.064116 0.050761 1.594883 0.144735 0.035949 1.504277 0.060837 0.027464 1.092229 0.151227 0.008354 0.933716 0.172286 0.016897 1.398361 0.086723 0.048981 1.515748 0.145847 0.037657 1.186014 0.044512 0.017365 0.990456 0.107293 0.025516 1.183390 0.072404 0.050728 1.489549 0.127495 0.023858 1.021972 0.109539 0.004837 1.103751 0.076692 0.010685 1.042195 0.061636 0.008666 1.051390 0.211217 0.027439 1.571365 0.126205 0.034136 1.635455 0.098331 0.052151 1.694877 0.140110 0.051733 1.431934 0.154709 0.015290 1.014596 0.105971 0.043814 1.365306 
0.124797 0.015537 1.256142 0.110786 0.008065 0.970536 0.137808 0.019646 0.986558 0.177162 0.008920 1.270540 0.109409 0.021422 1.135476 0.068060 0.013058 1.071738 0.036039 0.015911 0.851552 0.113666 0.035923 1.114969 0.214349 0.019185 1.183945 0.136453 0.030699 1.514808 0.140028 0.042045 1.461186 0.200412 0.025736 1.735533 0.137357 0.040349 1.538442 0.082053 0.030614 1.363047 0.033695 0.031804 0.807537 0.158186 0.037937 1.291343 0.200407 0.030096 1.482741 0.106111 0.029674 1.274174 0.100269 0.041553 1.538244 0.038135 0.049863 1.383534 
0.067504 0.008460 0.794592 0.207074 0.015328 1.371473 0.146069 0.027651 1.477520 0.035296 0.027970 0.756850 0.147479 0.024348 1.266998 0.146406 0.041015 1.838559 0.112810 0.018008 1.445840 0.100779 0.034548 1.215440 0.199229 0.009063 1.479500 0.200391 0.012521 1.582965 0.034144 0.011855 0.703104 0.074105 0.032917 1.168098 0.067410 0.012796 1.205372 0.180443 0.031162 1.218592 0.221279 0.042565 1.722691 0.229030 0.056639 2.278504 0.054895 0.035632 1.356531 0.205455 0.009128 0.880798 0.171422 0.046098 1.475389 0.069523 0.013028 0.872624 
0.063106 0.038889 1.510792 0.031281 0.041588 1.062257 0.166190 0.023311 1.534697 0.159668 0.009937 1.053674 0.195280 0.037441 1.561816 0.051049 0.022168 0.802601 0.167792 0.026407 1.676978 0.031097 0.049105 1.593707 0.189929 0.013877 1.022784 0.191615 0.018743 1.543870 0.190889 0.042396 1.445735 0.073490 0.016601 0.794924 0.157218 0.037587 1.462953 0.042915 0.055681 1.496676 0.220064 0.048941 2.064133 0.061800 0.055694 1.591697 0.127648 0.035702 1.681412 0.202373 0.010521 1.187185 0.219767 0.037410 1.704890 0.218157 0.031401 1.358784 
0.065504 0.035800 1.122288 0.115940 0.022763 1.317441 0.206561 0.033398 1.343670 0.062166 0.023018 0.809149 0.037415 0.050422 1.492685 0.146600 0.013590 0.842327 0.210171 0.024083 1.548908 0.129076 0.035231 1.278405 0.072906 0.020593 0.679394 0.049730 0.027107 1.122741 0.138129 0.023493 1.476883 0.089187 0.016890 0.943639 0.146515 0.042216 1.725515 0.214197 0.051867 2.124602 0.220979 0.012690 1.553512 0.131091 0.024797 1.587551 0.137507 0.047864 1.987479 0.159898 0.052637 1.502005 0.067220 0.030798 1.474847 0.118677 0.023507 1.328060 
0.206566 0.019713 1.562173 0.077665 0.026696 1.314541 0.125093 0.017957 1.303648 0.105392 0.023897 0.894209 0.195203 0.032965 1.339434 0.163129 0.033166 1.400578 0.078331 0.017278 1.227856 0.193678 0.040722 1.347477 0.108934 0.019269 1.285360 0.178725 0.041616 1.938101 0.084688 0.034497 1.010752 0.097828 0.024456 0.868169 0.107004 0.019708 1.178324 0.120699 0.015477 1.209349 0.187126 0.030448 1.374997 0.071839 0.022958 1.097774 0.214322 0.026889 1.809675 0.037815 0.046634 1.301551 0.071931 0.047930 1.477953 0.209516 0.041335 1.735508 
0.156883 0.039189 1.362057 0.103176 0.046168 1.368929 0.093379 0.028592 1.354563 0.195604 0.027262 1.230814 0.220697 0.011668 0.972337 0.095096 0.041630 1.664268 0.104059 0.019963 0.936643 0.153698 0.012179 0.817541 0.091558 0.028800 1.158083 0.099492 0.050061 1.869894 0.215802 0.034205 1.758518 0.124435 0.028236 1.486635 0.105474 0.053050 1.642187 0.075439 0.053077 1.195185 0.021326 0.048172 1.196905 0.130420 0.025938 1.179998 0.227494 0.051946 2.140169 0.073355 0.038658 1.069460 0.084214 0.025607 1.059906 0.112218 0.051098 1.263030 
3.000000 20.000000 20.000000 1.000000
0.032815 0.010836 1.194639 0.042569 0.005357 1.165979 0.036218 0.006755 1.451485 0.055526 0.008834 1.214090 0.073636 0.008796 1.376401 0.066328 0.011186 1.555360 0.019150 0.003346 0.693854 0.104069 0.002755 1.449303 0.032224 0.009815 1.202520 0.078848 0.010272 1.780229 0.049318 0.003658 1.292007 0.098913 0.006144 1.625025 0.047507 0.009461 1.152237 0.039821 0.012351 1.514580 0.009220 0.011163 1.561491 0.010629 0.012211 1.533843 0.053606 0.012428 1.912679 0.076941 0.007316 1.246434 0.081529 0.011619 1.779678 0.016711 0.009889 1.168919 
0.086472 0.009641 1.821295 0.101079 0.005226 1.321216 0.031958 0.010174 1.467930 0.103734 0.009213 1.774651 0.063107 0.005760 1.038456 0.071775 0.006192 1.212232 0.061255 0.007655 1.336561 0.063398 0.006878 1.471754 0.017556 0.008623 1.015159 0.088948 0.005382 1.579975 0.110378 0.006240 1.765598 0.049945 0.009251 1.300007 0.062421 0.008020 1.118380 0.071024 0.007624 1.141652 0.100942 0.012044 1.933384 0.059206 0.008303 1.397432 0.019044 0.004096 0.723275 0.107658 0.010463 1.978681 0.043018 0.008667 1.608019 0.079511 0.012580 2.001693 
0.010277 0.002686 0.830655 0.034587 0.002615 0.782512 0.086695 0.008419 1.649153 0.108173 0.004527 1.750301 0.042374 0.004837 1.131347 0.088877 0.003152 1.542707 0.052493 0.006494 1.267623 0.066651 0.009496 1.825652 0.089981 0.010609 1.803794 0.056440 0.004406 1.003131 0.098623 0.005153 1.594410 0.027422 0.005813 1.087611 0.028975 0.003686 0.928750 0.058963 0.006738 1.020554 0.097021 0.005216 1.299163 0.058431 0.010453 1.535976 0.069808 0.005712 1.347826 0.092497 0.007642 1.451645 0.081157 0.006997 1.272963 0.026377 0.006876 1.214750 
0.040711 0.004234 0.826873 0.038502 0.002615 1.046304 0.031503 0.010825 1.342047 0.049549 0.011320 1.907803 0.088073 0.007170 1.800607 0.021853 0.003911 1.045958 0.034300 0.006613 1.103130 0.064806 0.004532 1.443978 0.027292 0.009338 1.166576 0.084230 0.004087 1.009722 0.042924 0.005244 1.172870 0.099417 0.006656 1.808309 0.029847 0.007294 1.364184 0.104687 0.010351 1.511795 0.065232 0.012598 1.845889 0.096834 0.010842 1.708718 0.089384 0.007285 1.272768 0.074470 0.005717 1.219925 0.105042 0.004345 1.444583 0.033556 0.004128 0.851307 
0.074915 0.010410 1.852107 0.045010 0.004056 1.391311 0.022205 0.009518 1.329476 0.046126 0.004568 1.372176 0.025582 0.005329 0.948862 0.060854 0.004137 0.946261 0.061618 0.007069 1.198098 0.070843 0.007423 1.370463 0.092144 0.004639 1.480539 0.070743 0.008160 1.395609 0.098393 0.004851 1.310329 0.089004 0.007986 1.679027 0.012839 0.003733 0.830679 0.039336 0.004387 0.766824 0.085800 0.012220 1.760445 0.071905 0.007861 1.409632 0.105508 0.006317 1.650677 0.085037 0.002863 1.373821 0.063155 0.004715 1.144259 0.023037 0.005476 1.136937 
0.078391 0.006598 1.391170 0.043799 0.009529 1.430599 0.076182 0.009192 1.580434 0.082728 0.004379 1.190370 0.040713 0.007624 1.441783 0.025763 0.010380 1.365542 0.051230 0.004538 1.225661 0.057970 0.005289 1.147559 0.012524 0.003649 0.912681 0.024573 0.006986 1.276477 0.084569 0.009148 1.532535 0.103185 0.009096 1.905595 0.049506 0.008017 1.190612 0.049388 0.007877 1.424848 0.028579 0.007935 1.012745 0.098036 0.006306 1.452771 0.026615 0.005646 1.074170 0.013106 0.003020 0.836102 0.037870 0.005088 1.299388 0.081177 0.010034 1.608786 
0.100617 0.009733 1.831569 0.067889 0.010346 1.638205 0.030090 0.013052 1.287528 0.040948 0.005337 0.984559 0.098495 0.004528 1.300830 0.081964 0.009492 1.471637 0.042085 0.010957 1.567596 0.088171 0.004743 1.185834 0.033471 0.005282 1.258854 0.103341 0.007865 1.453017 0.103497 0.007557 1.667620 0.054667 0.003087 1.076574 0.008734 0.002562 0.743371 0.013251 0.004357 0.842104 0.019750 0.005427 0.811679 0.056207 0.010337 1.510753 0.035146 0.004648 0.909506 0.046983 0.009531 1.518328 0.077935 0.009453 1.812262 0.086741 0.011209 1.836056 
0.086266 0.011783 1.758432 0.062926 0.010393 1.473539 0.081751 0.013591 1.817440 0.063129 0.012114 1.398167 0.097795 0.010254 1.694660 0.041400 0.007979 1.557205 0.022466 0.009318 1.294752 0.093123 0.004933 1.398572 0.061591 0.007854 1.446100 0.032112 0.010679 1.333768 0.016081 0.006740 1.153365 0.064586 0.008224 1.181979 0.026902 0.009393 1.142403 0.031280 0.006169 1.050480 0.061948 0.003454 1.069735 0.070608 0.007728 1.373256 0.011961 0.007501 1.207488 0.016564 0.010830 1.497921 0.038603 0.007021 1.473786 0.077364 0.008741 1.734132 
0.095128 0.010872 1.760744 0.051118 0.005825 1.110510 0.094195 0.006777 1.554788 0.042207 0.008011 1.294826 0.069542 0.007848 1.750725 0.069954 0.008378 1.658447 0.074497 0.003840 1.043836 0.115894 0.008353 1.755768 0.089820 0.010666 1.620393 0.015413 0.012064 1.484615 0.033414 0.003704 1.051088 0.080929 0.009489 1.766093 0.035946 0.010078 1.692545 0.018319 0.006768 1.060562 0.055900 0.007443 1.091814 0.091787 0.006361 1.394657 0.066532 0.011069 1.672549 0.033784 0.011618 1.570327 0.023642 0.013218 1.642088 0.031727 0.011158 1.357898 
0.022892 0.007261 1.374344 0.067537 0.006096 1.227686 0.055777 0.006438 1.324740 0.066536 0.008740 1.407005 0.115422 0.005247 1.745333 0.114520 0.004825 1.509249 0.054976 0.003921 1.325995 0.098477 0.012113 1.857415 0.109590 0.010764 1.779352 0.092406 0.005324 1.183660 0.081238 0.005376 1.235697 0.080885 0.007675 1.366864 0.046599 0.009706 1.575777 0.082618 0.003185 1.427819 0.079382 0.002187 1.156184 0.093524 0.005438 1.291564 0.054937 0.010605 1.806509 0.046087 0.006122 1.138031 0.075343 0.009767 1.866508 0.046098 0.005610 1.153906 
0.064833 0.010535 1.838707 0.062694 0.008281 1.458847 0.055768 0.012390 1.494889 0.064748 0.010469 1.443116 0.085053 0.005507 1.145144 0.088573 0.009582 1.666496 0.083035 0.008141 1.431095 0.055498 0.010409 1.691828 0.035192 0.012071 1.536387 0.027409 0.006423 1.110845 0.025933 0.010586 1.260328 0.048620 0.007922 1.069341 0.027802 0.011934 1.465013 0.018981 0.008564 1.287209 0.099993 0.004251 1.688903 0.072718 0.003999 1.259238 0.081937 0.005090 1.483150 0.033649 0.005315 1.144153 0.056389 0.006230 1.598044 0.029381 0.010614 1.635337 
0.080655 0.011003 1.986339 0.058400 0.010011 1.753204 0.093763 0.010471 1.642249 0.029160 0.009879 1.116425 0.103509 0.005197 1.178916 0.019198 0.003632 0.697225 0.060165 0.008904 1.422998 0.040424 0.006148 0.965278 0.068604 0.010084 1.655292 0.109344 0.007704 1.627467 0.091926 0.012024 2.114709 0.027341 0.003286 0.783286 0.036242 0.004491 1.001964 0.038568 0.007668 1.288102 0.024103 0.010963 1.745416 0.056180 0.006442 1.588642 0.114241 0.009192 1.712295 0.108317 0.007334 1.549339 0.088488 0.007811 1.823475 0.076192 0.012808 2.157518 
0.083263 0.009311 1.559390 0.039441 0.008603 1.575544 0.021975 0.004499 0.897547 0.029047 0.005756 0.881228 0.021721 0.004422 0.766023 0.063128 0.006763 1.265785 0.045605 0.004048 1.063268 0.097072 0.004156 1.231835 0.043027 0.009517 1.387790 0.076754 0.010812 1.918909 0.047724 0.009530 1.635381 0.056741 0.003167 1.073331 0.035890 0.008762 1.364095 0.028104 0.010274 1.358511 0.055185 0.007088 1.355590 0.085544 0.010761 1.780329 0.102214 0.009568 1.568619 0.091346 0.010284 1.395252 0.032459 0.012518 1.317023 0.075557 0.013581 1.634367 
0.035043 0.012009 1.632451 0.069773 0.008802 1.567906 0.032774 0.006589 1.138562 0.074293 0.002549 1.050095 0.083150 0.004543 1.441055 0.045157 0.011281 1.547954 0.069690 0.008900 1.265474 0.026243 0.004816 1.057893 0.053535 0.006656 1.265827 0.038663 0.011931 1.549742 0.062833 0.006406 1.165592 0.055658 0.001755 1.179236 0.039129 0.003188 1.125893 0.032648 0.002974 1.136588 0.100559 0.006811 1.629732 0.064559 0.008842 1.715502 0.052062 0.012527 1.752079 0.069972 0.012283 1.519314 0.075247 0.005139 1.165316 0.052927 0.010955 1.453162 
0.060282 0.004469 1.318730 0.057160 0.002585 1.085014 0.068398 0.004875 1.104279 0.085905 0.002683 1.313859 0.056041 0.005162 1.225761 0.035151 0.004044 1.161313 0.021027 0.004410 0.942395 0.056306 0.008446 1.187999 0.104238 0.005076 1.325830 0.069124 0.007734 1.593638 0.069480 0.009792 1.525434 0.096898 0.006655 1.785766 0.067536 0.009314 1.601788 0.041949 0.007586 1.394452 0.022271 0.008086 0.962886 0.078733 0.009531 1.440372 0.096448 0.007917 1.590550 0.055344 0.007592 1.361916 0.050912 0.010177 1.579644 0.021621 0.011647 1.420172 
0.035740 0.002626 0.911604 0.098890 0.004116 1.435632 0.072738 0.006711 1.520134 0.022581 0.006603 0.880974 0.072776 0.006427 1.368189 0.071242 0.009440 1.827640 0.056482 0.005000 1.509446 0.050994 0.008410 1.322689 0.098784 0.002747 1.550178 0.097884 0.003378 1.647539 0.021798 0.003807 0.850221 0.037907 0.007614 1.219637 0.036564 0.004139 1.277147 0.087212 0.007996 1.366473 0.108520 0.010674 1.842551 0.110444 0.013677 2.304163 0.032949 0.008835 1.452022 0.099912 0.003164 1.061114 0.084889 0.010734 1.556450 0.036981 0.004118 0.982926 
0.032934 0.009380 1.503816 0.019969 0.009765 1.171049 0.081970 0.006064 1.586964 0.078098 0.003235 1.159511 0.093875 0.008976 1.617546 0.030087 0.005862 0.958732 0.081329 0.006726 1.725997 0.020264 0.011455 1.601253 0.092377 0.003920 1.175256 0.094540 0.004939 1.613352 0.092267 0.009652 1.516560 0.038964 0.004806 0.922024 0.075707 0.009208 1.541275 0.027540 0.013429 1.600004 0.106816 0.012002 2.131510 0.035592 0.013399 1.717450 0.063376 0.009041 1.747984 0.100289 0.003593 1.339208 0.107783 0.009093 1.787215 0.105143 0.007763 1.486625 
0.035236 0.008597 1.232611 0.057215 0.006192 1.376296 0.099791 0.007924 1.451000 0.033731 0.006033 0.922974 0.023283 0.011698 1.494499 0.072104 0.004177 1.002082 0.101986 0.006027 1.622351 0.064525 0.008780 1.371648 0.038352 0.005299 0.813388 0.028749 0.006767 1.217802 0.067766 0.006184 1.507977 0.045638 0.004641 1.046942 0.073169 0.010174 1.781694 0.103961 0.012212 2.164905 0.109264 0.004270 1.713254 0.065310 0.006643 1.668175 0.069691 0.011506 2.037135 0.078088 0.012455 1.615350 0.036703 0.008122 1.540613 0.060269 0.006367 1.422743 
0.100206 0.005615 1.650830 0.041305 0.006708 1.387872 0.062445 0.004933 1.368732 0.054312 0.006056 1.011040 0.095138 0.008153 1.435272 0.080272 0.008059 1.484051 0.042809 0.004841 1.298207 0.093871 0.009431 1.438569 0.055549 0.005399 1.356513 0.085750 0.010103 1.955828 0.045318 0.008510 1.161661 0.049103 0.006154 0.981700 0.053992 0.005523 1.278294 0.061426 0.004835 1.326842 0.090506 0.007427 1.470245 0.039735 0.005932 1.217868 0.103437 0.007392 1.907025 0.022659 0.011489 1.384931 0.037156 0.011549 1.536315 0.101570 0.010152 1.815302 
0.077080 0.009889 1.462519 0.051643 0.010867 1.438574 0.047979 0.007215 1.420833 0.095314 0.006761 1.321550 0.107911 0.003860 1.158035 0.050063 0.009912 1.670878 0.051481 0.005037 1.023705 0.076824 0.003563 0.968315 0.046393 0.007306 1.244623 0.052347 0.012038 1.922363 0.103350 0.008474 1.826641 0.063574 0.007323 1.567793 0.052596 0.012569 1.664663 0.038037 0.012855 1.302101 0.013931 0.011676 1.265240 0.063415 0.007218 1.313286 0.110020 0.012406 2.184450 0.038844 0.009649 1.188140 0.043068 0.007277 1.178078 0.056449 0.012203 1.362284 
4.000000 20.000000 20.000000 1.000000
0.017385 0.002654 1.253718 0.021860 0.001492 1.222117 0.018515 0.001772 1.453981 0.028695 0.002202 1.292229 0.036874 0.002180 1.398375 0.032739 0.002672 1.545556 0.011676 0.000987 0.812143 0.049866 0.000854 1.443454 0.017354 0.002382 1.254313 0.038592 0.002513 1.781584 0.026668 0.001113 1.395328 0.047690 0.001630 1.630257 0.024451 0.002408 1.236581 0.020054 0.003044 1.507889 0.005974 0.002867 1.576265 0.006822 0.002994 1.551784 0.026924 0.003020 1.870352 0.038276 0.002011 1.365814 0.039394 0.002818 1.751024 0.010250 0.002579 1.253530 
0.042110 0.002386 1.793275 0.048523 0.001411 1.372229 0.018054 0.002470 1.506537 0.050399 0.002275 1.766951 0.032000 0.001528 1.128782 0.035877 0.001610 1.278035 0.030316 0.001872 1.344602 0.031735 0.001768 1.498534 0.010873 0.002164 1.112524 0.043632 0.001468 1.597946 0.053736 0.001592 1.772458 0.026034 0.002239 1.348757 0.030748 0.002014 1.157254 0.035353 0.002023 1.224009 0.048900 0.002904 1.897847 0.029199 0.002168 1.438752 0.011700 0.001248 0.888535 0.051943 0.002527 1.923000 0.023370 0.002278 1.662427 0.038405 0.003045 1.961691 
0.006651 0.000819 0.892759 0.018317 0.000759 0.871879 0.042029 0.002093 1.647483 0.052676 0.001335 1.785639 0.023033 0.001251 1.222519 0.042850 0.000917 1.527926 0.026724 0.001666 1.328980 0.033461 0.002327 1.813665 0.043166 0.002594 1.766746 0.029633 0.001204 1.115499 0.047823 0.001342 1.592490 0.015440 0.001496 1.158893 0.015163 0.001077 0.982268 0.030194 0.001711 1.087955 0.047535 0.001549 1.397050 0.030187 0.002536 1.558301 0.034777 0.001530 1.371028 0.045957 0.001932 1.504067 0.040070 0.001779 1.343591 0.014241 0.001739 1.238237 
0.020343 0.001109 0.901546 0.019283 0.000794 1.074378 0.016530 0.002627 1.389178 0.025630 0.002697 1.887078 0.042002 0.001807 1.761481 0.012827 0.001059 1.110424 0.017843 0.001637 1.147726 0.031877 0.001318 1.467558 0.015926 0.002230 1.232181 0.040775 0.001157 1.082050 0.023613 0.001339 1.241874 0.047720 0.001709 1.784165 0.016259 0.001811 1.370928 0.050171 0.002525 1.527713 0.033946 0.003080 1.845130 0.047484 0.002704 1.733671 0.044651 0.001850 1.356549 0.038041 0.001454 1.288984 0.050920 0.001167 1.447564 0.017432 0.001098 0.920840 
0.036429 0.002438 1.789559 0.022571 0.001208 1.421381 0.012270 0.002319 1.363563 0.023090 0.001300 1.394821 0.014174 0.001379 1.037886 0.029391 0.001161 1.010173 0.030580 0.001743 1.228160 0.035426 0.001810 1.402997 0.044279 0.001299 1.485801 0.035609 0.001956 1.417018 0.048204 0.001359 1.384302 0.044169 0.001965 1.694820 0.008025 0.001082 0.909152 0.020662 0.001283 0.889836 0.041612 0.002940 1.730796 0.037012 0.002045 1.490292 0.051351 0.001607 1.648134 0.041752 0.000836 1.392453 0.031622 0.001198 1.206704 0.013183 0.001472 1.191002 
0.039139 0.001820 1.482250 0.022897 0.002340 1.471813 0.036915 0.002337 1.581175 0.040158 0.001219 1.259011 0.021128 0.001884 1.430252 0.014269 0.002473 1.372296 0.025504 0.001322 1.270306 0.028954 0.001345 1.184844 0.007889 0.001012 0.984206 0.014081 0.001788 1.303570 0.042279 0.002247 1.582912 0.050343 0.002243 1.877124 0.024577 0.001947 1.226838 0.024099 0.001938 1.379426 0.015728 0.002011 1.090561 0.047007 0.001681 1.472826 0.014816 0.001416 1.115441 0.008036 0.000887 0.923735 0.019841 0.001374 1.331641 0.039687 0.002433 1.625079 
0.049574 0.002492 1.860716 0.033689 0.002643 1.658811 0.016575 0.003159 1.348534 0.021632 0.001487 1.060303 0.047992 0.001313 1.368475 0.039859 0.002371 1.514950 0.021879 0.002622 1.553804 0.042889 0.001293 1.257899 0.018118 0.001383 1.279739 0.049551 0.001996 1.497698 0.050284 0.001900 1.665582 0.028003 0.000951 1.155235 0.005499 0.000805 0.802490 0.007230 0.001157 0.879370 0.010727 0.001421 0.874298 0.028169 0.002451 1.486602 0.017632 0.001330 0.998132 0.023118 0.002320 1.507865 0.038047 0.002361 1.812723 0.043368 0.002782 1.873664 
0.043136 0.002918 1.801158 0.031894 0.002637 1.530714 0.040204 0.003325 1.805583 0.031740 0.002953 1.446865 0.047802 0.002523 1.719343 0.021846 0.002090 1.581110 0.012912 0.002267 1.330126 0.045793 0.001376 1.452169 0.030893 0.002003 1.476241 0.016804 0.002622 1.366658 0.009792 0.001746 1.193353 0.031558 0.002045 1.236220 0.013840 0.002272 1.167128 0.015647 0.001562 1.067438 0.030328 0.001021 1.105172 0.034771 0.001936 1.401564 0.007452 0.001949 1.245839 0.009009 0.002669 1.506220 0.019788 0.001935 1.531181 0.038112 0.002293 1.758890 
0.045772 0.002690 1.757101 0.026770 0.001594 1.205167 0.045721 0.001803 1.579220 0.022417 0.002071 1.360845 0.035334 0.002013 1.767895 0.035265 0.002048 1.669118 0.036958 0.001134 1.158693 0.056965 0.002117 1.775156 0.044428 0.002673 1.672384 0.009643 0.002875 1.473052 0.017361 0.001142 1.129401 0.039469 0.002336 1.741879 0.018350 0.002513 1.669595 0.010538 0.001717 1.117177 0.028286 0.001780 1.138110 0.045162 0.001690 1.439060 0.032617 0.002729 1.685080 0.017149 0.002893 1.583087 0.012754 0.003213 1.652657 0.017087 0.002763 1.417784 
0.013336 0.001891 1.412841 0.033057 0.001591 1.279953 0.028567 0.001727 1.374042 0.033462 0.002174 1.454338 0.056544 0.001418 1.759548 0.056050 0.001325 1.583809 0.029064 0.001147 1.380143 0.048757 0.002927 1.880083 0.053665 0.002710 1.804554 0.044907 0.001496 1.268220 0.039762 0.001435 1.276662 0.039854 0.001973 1.419960 0.023790 0.002408 1.592918 0.039713 0.000979 1.445358 0.039898 0.000693 1.233301 0.046079 0.001408 1.360019 0.028246 0.002551 1.776966 0.023237 0.001688 1.239867 0.036477 0.002412 1.833057 0.022859 0.001596 1.246412 
0.031875 0.002632 1.842670 0.031381 0.002168 1.516048 0.028501 0.002998 1.528115 0.032225 0.002602 1.458938 0.042909 0.001492 1.250785 0.043850 0.002277 1.642023 0.040864 0.002076 1.493656 0.028188 0.002615 1.688951 0.018879 0.002951 1.567949 0.015294 0.001734 1.178035 0.014486 0.002573 1.302234 0.024041 0.002026 1.123499 0.014369 0.002851 1.451054 0.011287 0.002102 1.333772 0.048038 0.001195 1.688402 0.036834 0.001085 1.340073 0.040525 0.001399 1.527614 0.018465 0.001393 1.214595 0.028290 0.001685 1.634647 0.016034 0.002623 1.667680 
0.040032 0.002789 2.009485 0.029721 0.002531 1.776708 0.044871 0.002610 1.642849 0.016382 0.002422 1.167382 0.049230 0.001358 1.192714 0.012021 0.001085 0.822385 0.029633 0.002127 1.397756 0.021459 0.001652 1.077427 0.033924 0.002515 1.652766 0.053032 0.002055 1.698433 0.044500 0.002892 2.042011 0.014953 0.000986 0.886328 0.018020 0.001286 1.059650 0.018882 0.001987 1.322705 0.013675 0.002601 1.724656 0.028891 0.001743 1.628636 0.056129 0.002261 1.749012 0.053186 0.001908 1.603528 0.043534 0.002077 1.846554 0.037901 0.003176 2.143150 
0.040691 0.002449 1.631237 0.020558 0.002173 1.581820 0.012105 0.001282 0.979486 0.014879 0.001445 0.912742 0.012820 0.001171 0.850551 0.030422 0.001687 1.261857 0.023934 0.001165 1.128130 0.046273 0.001151 1.263571 0.022824 0.002352 1.438642 0.037795 0.002707 1.906016 0.024920 0.002368 1.656814 0.027824 0.000927 1.130795 0.018182 0.002086 1.352810 0.014621 0.002457 1.369057 0.027839 0.001912 1.432972 0.042225 0.002626 1.794902 0.050534 0.002479 1.641378 0.045223 0.002614 1.463399 0.018306 0.003031 1.374570 0.037291 0.003351 1.679868 
0.018866 0.002899 1.634958 0.033822 0.002187 1.574853 0.017479 0.001620 1.163643 0.036540 0.000759 1.111998 0.040297 0.001226 1.438209 0.023364 0.002652 1.537105 0.033505 0.002148 1.287542 0.014892 0.001320 1.105637 0.026814 0.001744 1.308324 0.020488 0.002862 1.568775 0.031080 0.001706 1.251011 0.028220 0.000594 1.226706 0.019975 0.000927 1.179890 0.017174 0.000933 1.195166 0.048091 0.001744 1.629293 0.032956 0.002298 1.745150 0.027371 0.003062 1.764246 0.035007 0.002975 1.547298 0.036738 0.001570 1.255203 0.026497 0.002762 1.489683 
0.029295 0.001262 1.342921 0.029324 0.000794 1.160295 0.034008 0.001239 1.167739 0.041800 0.000790 1.318397 0.028613 0.001293 1.273638 0.018164 0.001182 1.219084 0.011897 0.001214 1.012217 0.027989 0.002032 1.218082 0.050799 0.001358 1.392618 0.034983 0.001968 1.621651 0.034548 0.002342 1.538909 0.046973 0.001730 1.773438 0.033296 0.002214 1.608937 0.021466 0.001913 1.401397 0.013592 0.002069 1.081006 0.039231 0.002425 1.519495 0.046642 0.002090 1.629398 0.028702 0.001965 1.408774 0.025872 0.002529 1.580680 0.012029 0.002779 1.426836 
0.018779 0.000796 0.996654 0.047423 0.001120 1.444379 0.036258 0.001666 1.518642 0.013528 0.001600 0.972905 0.035987 0.001688 1.412550 0.034812 0.002243 1.776857 0.028306 0.001379 1.533284 0.025845 0.002077 1.377228 0.048978 0.000826 1.572623 0.047957 0.000945 1.659196 0.013046 0.001126 0.967063 0.019443 0.001825 1.242944 0.019569 0.001244 1.325402 0.042336 0.002074 1.441108 0.053285 0.002708 1.879949 0.053483 0.003357 2.257391 0.018933 0.002231 1.513625 0.048753 0.001001 1.171591 0.042087 0.002561 1.573789 0.019536 0.001218 1.063945 
0.017188 0.002296 1.479511 0.011956 0.002338 1.238880 0.040496 0.001592 1.590556 0.038308 0.000987 1.215721 0.045311 0.002200 1.610060 0.017075 0.001549 1.074087 0.039590 0.001741 1.722504 0.012295 0.002725 1.589509 0.045076 0.001099 1.258844 0.046687 0.001317 1.628312 0.044754 0.002265 1.521364 0.020487 0.001345 1.012094 0.036669 0.002300 1.561636 0.016487 0.003275 1.658647 0.052057 0.002994 2.126664 0.019920 0.003272 1.786643 0.031629 0.002317 1.768903 0.049697 0.001128 1.426627 0.052945 0.002259 1.798090 0.050826 0.001960 1.533498 
0.018779 0.002113 1.298785 0.028354 0.001666 1.399286 0.048336 0.001935 1.483336 0.018119 0.001580 1.002896 0.013735 0.002768 1.476687 0.035578 0.001221 1.103482 0.049608 0.001554 1.633135 0.032299 0.002202 1.410256 0.020097 0.001383 0.912426 0.016151 0.001718 1.280006 0.033371 0.001634 1.502851 0.023338 0.001275 1.114441 0.036544 0.002499 1.782107 0.050650 0.002949 2.135117 0.054019 0.001325 1.794704 0.032673 0.001790 1.706911 0.035266 0.002825 2.032686 0.038299 0.003005 1.656455 0.019795 0.002140 1.574953 0.030585 0.001721 1.474006 
0.048734 0.001576 1.676269 0.021787 0.001721 1.426282 0.031230 0.001351 1.395991 0.027903 0.001557 1.083898 0.046498 0.002047 1.464328 0.039605 0.002003 1.508630 0.023036 0.001336 1.340418 0.045655 0.002245 1.460729 0.028267 0.001491 1.390448 0.041367 0.002500 1.918302 0.023967 0.002127 1.257149 0.024725 0.001578 1.056379 0.027266 0.001531 1.335955 0.031191 0.001430 1.398790 0.043955 0.001866 1.505643 0.021568 0.001564 1.303745 0.050103 0.002016 1.931229 0.013069 0.002859 1.435002 0.019211 0.002835 1.555137 0.049360 0.002538 1.820905 
0.037945 0.002511 1.500001 0.025920 0.002611 1.459794 0.024600 0.001845 1.446997 0.046573 0.001715 1.354122 0.052844 0.001179 1.261420 0.026175 0.002406 1.645951 0.025624 0.001301 1.074798 0.038349 0.001020 1.061147 0.023575 0.001875 1.292801 0.027322 0.002939 1.923416 0.049743 0.002143 1.828499 0.032366 0.001912 1.599134 0.026312 0.003034 1.645922 0.019242 0.003148 1.353438 0.008485 0.002871 1.305913 0.030983 0.001973 1.388256 0.053318 0.003030 2.150421 0.020457 0.002442 1.265700 0.022012 0.002009 1.252404 0.028422 0.002970 1.406788 
5.000000 20.000000 20.000000 1.000000
0.009183 0.000679 1.295226 0.011221 0.000429 1.260800 0.009523 0.000489 1.451196 0.014789 0.000575 1.341056 0.018497 0.000570 1.404104 0.016245 0.000673 1.522068 0.006798 0.000295 0.906301 0.024004 0.000278 1.422535 0.009275 0.000606 1.290059 0.018993 0.000652 1.764503 0.014236 0.000348 1.468010 0.023117 0.000461 1.617276 0.012559 0.000634 1.290970 0.010151 0.000782 1.494889 0.003670 0.000760 1.580708 0.004147 0.000768 1.561051 0.013581 0.000774 1.825452 0.019064 0.000566 1.440588 0.019150 0.000725 1.713733 0.006014 0.000688 1.316099 
0.020572 0.000626 1.748201 0.023395 0.000403 1.393171 0.009976 0.000632 1.527143 0.024589 0.000599 1.739333 0.016240 0.000423 1.192437 0.017948 0.000441 1.314826 0.015074 0.000488 1.342849 0.015920 0.000482 1.504857 0.006417 0.000565 1.187445 0.021481 0.000424 1.596475 0.026252 0.000442 1.754005 0.013521 0.000572 1.377084 0.015213 0.000530 1.180681 0.017625 0.000553 1.273615 0.023772 0.000745 1.845835 0.014481 0.000589 1.460805 0.006856 0.000377 1.018571 0.025186 0.000655 1.859501 0.012533 0.000622 1.690179 0.018666 0.000779 1.906924 
0.004055 0.000254 0.947023 0.009635 0.000233 0.942275 0.020474 0.000554 1.628319 0.025734 0.000410 1.788044 0.012353 0.000350 1.288596 0.020774 0.000288 1.502851 0.013606 0.000451 1.364795 0.016820 0.000608 1.784781 0.020846 0.000669 1.718057 0.015443 0.000347 1.195187 0.023305 0.000379 1.573847 0.008529 0.000407 1.211646 0.007951 0.000321 1.025122 0.015428 0.000459 1.136041 0.023371 0.000464 1.453998 0.015556 0.000652 1.564263 0.017393 0.000432 1.382792 0.022866 0.000518 1.525054 0.019846 0.000479 1.384131 0.007639 0.000464 1.254031 
0.010202 0.000308 0.955617 0.009703 0.000251 1.096402 0.008666 0.000666 1.416614 0.013228 0.000685 1.853865 0.020168 0.000488 1.711774 0.007278 0.000306 1.158955 0.009286 0.000431 1.180190 0.015765 0.000394 1.473709 0.008989 0.000563 1.277923 0.019860 0.000338 1.130173 0.012770 0.000369 1.290897 0.023037 0.000471 1.741993 0.008759 0.000479 1.370046 0.024168 0.000649 1.517305 0.017577 0.000791 1.825617 0.023390 0.000708 1.731986 0.022326 0.000497 1.405130 0.019398 0.000397 1.331493 0.024770 0.000338 1.432292 0.009053 0.000309 0.974713 
0.017801 0.000614 1.722902 0.011364 0.000369 1.434547 0.006704 0.000596 1.385486 0.011615 0.000385 1.406462 0.007729 0.000377 1.104660 0.014291 0.000336 1.053900 0.015211 0.000457 1.241611 0.017725 0.000473 1.412461 0.021393 0.000381 1.472219 0.017926 0.000503 1.420105 0.023702 0.000396 1.425313 0.021948 0.000520 1.685520 0.004794 0.000320 0.976831 0.010789 0.000377 0.981358 0.020304 0.000746 1.689221 0.018977 0.000557 1.536063 0.025089 0.000441 1.625205 0.020568 0.000263 1.393863 0.015865 0.000331 1.245120 0.007376 0.000411 1.230858 
0.019566 0.000517 1.536247 0.011930 0.000609 1.495975 0.017981 0.000622 1.565911 0.019566 0.000359 1.297002 0.010957 0.000496 1.415509 0.007792 0.000621 1.371551 0.012754 0.000392 1.294680 0.014497 0.000367 1.207605 0.004733 0.000295 1.042610 0.007896 0.000481 1.323743 0.021159 0.000585 1.601947 0.024645 0.000590 1.829785 0.012248 0.000501 1.243147 0.011838 0.000506 1.335679 0.008525 0.000530 1.144590 0.022657 0.000470 1.468709 0.008112 0.000381 1.148051 0.004739 0.000269 0.995473 0.010368 0.000391 1.352986 0.019495 0.000627 1.621752 
0.024493 0.000673 1.862339 0.016791 0.000704 1.660944 0.009018 0.000795 1.388545 0.011370 0.000426 1.120325 0.023451 0.000394 1.403288 0.019473 0.000622 1.529079 0.011355 0.000663 1.533627 0.020942 0.000371 1.297643 0.009711 0.000386 1.294621 0.023864 0.000535 1.508312 0.024513 0.000511 1.642475 0.014318 0.000299 1.208988 0.003306 0.000253 0.855379 0.003930 0.000322 0.908603 0.005793 0.000387 0.923921 0.014135 0.000616 1.454754 0.008897 0.000386 1.062818 0.011438 0.000598 1.489625 0.018655 0.000626 1.793181 0.021700 0.000728 1.880250 
0.021588 0.000760 1.813323 0.016187 0.000698 1.563065 0.019846 0.000850 1.775484 0.015995 0.000751 1.471606 0.023446 0.000658 1.716418 0.011488 0.000571 1.590835 0.007271 0.000582 1.356289 0.022576 0.000403 1.477335 0.015538 0.000539 1.488185 0.008798 0.000672 1.384558 0.005725 0.000474 1.225598 0.015491 0.000534 1.265950 0.007136 0.000576 1.180399 0.007871 0.000417 1.076633 0.014902 0.000310 1.123547 0.017178 0.000514 1.407243 0.004431 0.000527 1.276283 0.004895 0.000689 1.507058 0.010160 0.000550 1.567378 0.018855 0.000630 1.763346 
0.022149 0.000702 1.733878 0.013941 0.000453 1.273642 0.022293 0.000507 1.580345 0.011843 0.000559 1.406701 0.017964 0.000548 1.765176 0.017809 0.000538 1.665314 0.018402 0.000344 1.239038 0.028055 0.000571 1.767617 0.022034 0.000701 1.690273 0.005745 0.000720 1.462884 0.009030 0.000352 1.186297 0.019316 0.000612 1.702715 0.009402 0.000657 1.638767 0.005924 0.000457 1.158657 0.014329 0.000454 1.167609 0.022266 0.000471 1.456028 0.016070 0.000707 1.675628 0.008745 0.000751 1.584303 0.006855 0.000817 1.652308 0.009127 0.000714 1.458953 
0.007542 0.000518 1.441070 0.016272 0.000441 1.313211 0.014618 0.000483 1.404070 0.016865 0.000572 1.478508 0.027779 0.000413 1.749493 0.027512 0.000388 1.617274 0.015266 0.000351 1.420429 0.024204 0.000749 1.871866 0.026349 0.000716 1.800054 0.021907 0.000435 1.317939 0.019522 0.000406 1.298061 0.019676 0.000533 1.443586 0.012147 0.000629 1.591687 0.019197 0.000312 1.445469 0.020038 0.000231 1.282107 0.022768 0.000391 1.398074 0.014508 0.000653 1.741803 0.011756 0.000479 1.311114 0.017745 0.000635 1.790548 0.011408 0.000464 1.313167 
0.015764 0.000694 1.830120 0.015744 0.000591 1.548252 0.014559 0.000760 1.540285 0.016111 0.000675 1.459817 0.021621 0.000422 1.315806 0.021774 0.000580 1.609008 0.020182 0.000556 1.521030 0.014352 0.000688 1.676072 0.010074 0.000755 1.582548 0.008408 0.000485 1.233005 0.007966 0.000654 1.328745 0.011953 0.000538 1.159805 0.007454 0.000714 1.433021 0.006469 0.000545 1.364909 0.023201 0.000359 1.667982 0.018648 0.000320 1.393593 0.020117 0.000406 1.547913 0.010008 0.000390 1.271788 0.014242 0.000481 1.651429 0.008669 0.000684 1.686416 
0.019919 0.000745 2.006077 0.015130 0.000674 1.779777 0.021592 0.000683 1.621870 0.009007 0.000618 1.199872 0.023549 0.000378 1.190331 0.007103 0.000323 0.918733 0.014686 0.000542 1.371434 0.011306 0.000458 1.157953 0.016852 0.000661 1.638624 0.025798 0.000574 1.725532 0.021649 0.000739 1.961117 0.008067 0.000301 0.967814 0.009007 0.000376 1.100865 0.009329 0.000535 1.341626 0.007614 0.000658 1.701382 0.014862 0.000493 1.648908 0.027641 0.000595 1.754824 0.026182 0.000526 1.625830 0.021497 0.000582 1.844772 0.018913 0.000830 2.110011 
0.019969 0.000668 1.668625 0.010700 0.000581 1.579824 0.006596 0.000373 1.042623 0.007669 0.000383 0.939991 0.007289 0.000325 0.915033 0.014780 0.000447 1.249739 0.012466 0.000345 1.169673 0.022182 0.000339 1.274725 0.012020 0.000612 1.467688 0.018696 0.000714 1.876591 0.012960 0.000622 1.659910 0.013720 0.000284 1.169462 0.009237 0.000528 1.336896 0.007616 0.000620 1.371767 0.014065 0.000532 1.480221 0.020918 0.000682 1.788790 0.025040 0.000669 1.676835 0.022449 0.000691 1.500598 0.010118 0.000768 1.417000 0.018474 0.000861 1.697863 
0.010064 0.000737 1.627353 0.016501 0.000574 1.562891 0.009264 0.000425 1.181480 0.018010 0.000239 1.146240 0.019624 0.000353 1.419860 0.012049 0.000658 1.513617 0.016219 0.000548 1.290853 0.008252 0.000376 1.141328 0.013491 0.000479 1.334280 0.010811 0.000722 1.574387 0.015443 0.000472 1.307485 0.014303 0.000209 1.258894 0.010217 0.000283 1.217639 0.009002 0.000297 1.237139 0.023121 0.000480 1.611508 0.016818 0.000626 1.753116 0.014332 0.000786 1.761366 0.017563 0.000756 1.555386 0.018021 0.000475 1.313635 0.013314 0.000724 1.506847 
0.014334 0.000372 1.352391 0.014994 0.000255 1.211721 0.016952 0.000339 1.205430 0.020423 0.000249 1.309810 0.014590 0.000353 1.301164 0.009404 0.000353 1.258611 0.006604 0.000348 1.068333 0.013971 0.000518 1.234346 0.024827 0.000387 1.424759 0.017713 0.000530 1.628035 0.017232 0.000597 1.536389 0.022854 0.000479 1.738860 0.016478 0.000564 1.597047 0.011009 0.000510 1.402905 0.007928 0.000550 1.174937 0.019591 0.000646 1.566580 0.022682 0.000578 1.641522 0.014838 0.000535 1.437115 0.013177 0.000660 1.569674 0.006618 0.000697 1.426486 
0.009824 0.000252 1.061099 0.022852 0.000328 1.433844 0.018111 0.000444 1.502282 0.007796 0.000412 1.044983 0.017849 0.000464 1.431267 0.017099 0.000574 1.721124 0.014220 0.000401 1.539091 0.013134 0.000541 1.408309 0.024308 0.000269 1.573795 0.023582 0.000294 1.649945 0.007517 0.000335 1.059449 0.010008 0.000469 1.258735 0.010387 0.000379 1.359181 0.020657 0.000564 1.483645 0.026222 0.000722 1.883986 0.026032 0.000869 2.193068 0.010591 0.000594 1.557064 0.023881 0.000320 1.246012 0.020912 0.000648 1.569574 0.010278 0.000364 1.126423 
0.008985 0.000592 1.456411 0.006897 0.000589 1.285998 0.020058 0.000444 1.575885 0.018859 0.000308 1.248172 0.021977 0.000573 1.583475 0.009462 0.000427 1.161601 0.019373 0.000482 1.701098 0.007164 0.000683 1.575315 0.022081 0.000326 1.308733 0.023099 0.000379 1.620961 0.021801 0.000569 1.506024 0.010718 0.000385 1.079750 0.017879 0.000607 1.562763 0.009485 0.000833 1.695996 0.025492 0.000789 2.099274 0.010952 0.000837 1.828818 0.015878 0.000626 1.774199 0.024651 0.000360 1.480046 0.026072 0.000599 1.782804 0.024662 0.000526 1.547159 
0.009953 0.000549 1.343875 0.014123 0.000467 1.408958 0.023493 0.000507 1.486717 0.009669 0.000430 1.063879 0.007848 0.000689 1.457712 0.017623 0.000364 1.173454 0.024209 0.000433 1.620578 0.016206 0.000578 1.426530 0.010509 0.000379 0.991759 0.008910 0.000461 1.324104 0.016510 0.000455 1.487343 0.011944 0.000367 1.163426 0.018280 0.000651 1.763271 0.024791 0.000759 2.086156 0.026735 0.000421 1.834706 0.016424 0.000509 1.728642 0.017853 0.000736 2.010265 0.018881 0.000763 1.671533 0.010596 0.000587 1.594827 0.015532 0.000486 1.504432 
0.023783 0.000463 1.675249 0.011437 0.000470 1.448321 0.015664 0.000390 1.407230 0.014315 0.000422 1.134860 0.022806 0.000543 1.467846 0.019609 0.000529 1.510768 0.012269 0.000386 1.366606 0.022296 0.000570 1.459259 0.014381 0.000429 1.407155 0.020084 0.000657 1.867665 0.012581 0.000557 1.322628 0.012497 0.000427 1.113511 0.013798 0.000441 1.372788 0.015830 0.000431 1.445457 0.021449 0.000503 1.519978 0.011565 0.000438 1.369439 0.024379 0.000576 1.925411 0.007365 0.000740 1.471472 0.009958 0.000730 1.561952 0.024069 0.000671 1.800316 
0.018736 0.000664 1.512745 0.013060 0.000661 1.465235 0.012612 0.000499 1.456289 0.022834 0.000463 1.365208 0.025935 0.000364 1.321263 0.013633 0.000619 1.613871 0.012834 0.000358 1.111236 0.019143 0.000304 1.122401 0.012023 0.000505 1.324796 0.014199 0.000756 1.905180 0.024079 0.000578 1.808941 0.016455 0.000526 1.607911 0.013220 0.000769 1.619274 0.009781 0.000799 1.383545 0.004970 0.000734 1.337216 0.015225 0.000554 1.435640 0.025921 0.000786 2.093075 0.010741 0.000644 1.324137 0.011264 0.000564 1.304251 0.014342 0.000756 1.431529 
