25.000000 25.000000 1.000000
0.000003 
0.000018 
0.000093 
0.000338 
0.000682 
0.000338 
0.000093 
0.000018 
0.000003 
0.000000 
0.000000 
0.000000 
0.000000 
0.000000 
0.000000 
0.000000 
0.000000 
0.000000 
0.000000 
0.000000 
0.000000 
0.000000 
0.000000 
0.000000 
0.000000 
0.000018 
0.000124 
0.000658 
0.002421 
0.004964 
0.002421 
0.000658 
0.000124 
0.000018 
0.000002 
0.000000 
0.000000 
0.000000 
0.000000 
0.000000 
0.000000 
0.000000 
0.000000 
0.000000 
0.000000 
0.000000 
0.000000 
0.000000 
0.000000 
0.000000 
0.000093 
0.000658 
0.003541 
0.013261 
0.027650 
0.013261 
0.003541 
0.000658 
0.000094 
0.000011 
0.000001 
0.000000 
0.000000 
0.000000 
0.000000 
0.000000 
0.000000 
0.000000 
0.000000 
0.000000 
0.000000 
0.000000 
0.000000 
0.000000 
0.000000 
0.000338 
0.002421 
0.013261 
0.050640 
0.107430 
0.050640 
0.013261 
0.002422 
0.000342 
0.000039 
0.000004 
0.000000 
0.000000 
0.000000 
0.000000 
0.000000 
0.000000 
0.000000 
0.000000 
0.000000 
0.000000 
0.000000 
0.000000 
0.000000 
0.000000 
0.000682 
0.004964 
0.027650 
0.107430 
0.231249 
0.107430 
0.027650 
0.004965 
0.000690 
0.000078 
0.000008 
0.000001 
0.000000 
0.000000 
0.000000 
0.000000 
0.000000 
0.000000 
0.000000 
0.000000 
0.000000 
0.000000 
0.000000 
0.000000 
0.000000 
0.000338 
0.002421 
0.013261 
0.050640 
0.107430 
0.050640 
0.013261 
0.002422 
0.000342 
0.000039 
0.000004 
0.000000 
0.000000 
0.000000 
0.000000 
0.000000 
0.000000 
0.000000 
0.000000 
0.000000 
0.000000 
0.000000 
0.000000 
0.000000 
0.000000 
0.000093 
0.000658 
0.003541 
0.013261 
0.027650 
0.013261 
0.003541 
0.000658 
0.000094 
0.000011 
0.000001 
0.000000 
0.000000 
0.000000 
0.000000 
0.000000 
0.000000 
0.000000 
0.000000 
0.000000 
0.000000 
0.000000 
0.000000 
0.000000 
0.000000 
0.000018 
0.000124 
0.000658 
0.002422 
0.004965 
0.002422 
0.000658 
0.000124 
0.000018 
0.000002 
0.000000 
0.000000 
0.000000 
0.000000 
0.000000 
0.000000 
0.000000 
0.000000 
0.000000 
0.000000 
0.000000 
0.000000 
0.000000 
0.000000 
0.000000 
0.000003 
0.000018 
0.000094 
0.000342 
0.000690 
0.000342 
0.000094 
0.000018 
0.000003 
0.000000 
0.000000 
0.000000 
0.000000 
0.000000 
0.000000 
0.000000 
0.000000 
0.000000 
0.000000 
0.000000 
0.000000 
0.000000 
0.000000 
0.000000 
0.000000 
0.000000 
0.000002 
0.000011 
0.000039 
0.000078 
0.000039 
0.000011 
0.000002 
0.000000 
0.000000 
0.000000 
0.000000 
0.000000 
0.000000 
0.000000 
0.000000 
0.000000 
0.000000 
0.000000 
0.000000 
0.000000 
0.000000 
0.000000 
0.000000 
0.000000 
0.000000 
0.000000 
0.000001 
0.000004 
0.000008 
0.000004 
0.000001 
0.000000 
0.000000 
0.000000 
0.000000 
0.000000 
0.000000 
0.000000 
0.000000 
0.000000 
0.000000 
0.000000 
0.000000 
0.000000 
0.000000 
0.000000 
0.000000 
0.000000 
0.000000 
0.000000 
0.000000 
0.000000 
0.000000 
0.000001 
0.000000 
0.000000 
0.000000 
0.000000 
0.000000 
0.000000 
0.000000 
0.000000 
0.000000 
0.000000 
0.000000 
0.000000 
0.000000 
0.000001 
0.000003 
0.000001 
0.000000 
0.000000 
0.000000 
0.000000 
0.000000 
0.000000 
0.000000 
0.000000 
0.000000 
0.000000 
0.000000 
0.000000 
0.000000 
0.000000 
0.000000 
0.000000 
0.000000 
0.000000 
0.000000 
0.000000 
0.000001 
0.000005 
0.000017 
0.000029 
0.000017 
0.000005 
0.000001 
0.000000 
0.000000 
0.000000 
0.000000 
0.000000 
0.000000 
0.000000 
0.000000 
0.000000 
0.000000 
0.000000 
0.000000 
0.000000 
0.000000 
0.000000 
0.000000 
0.000000 
0.000002 
0.000012 
0.000054 
0.000164 
0.000280 
0.000164 
0.000054 
0.000012 
0.000002 
0.000000 
0.000000 
0.000000 
0.000000 
0.000000 
0.000000 
0.000000 
0.000000 
0.000000 
0.000000 
0.000000 
0.000000 
0.000000 
0.000000 
0.000000 
0.000002 
0.000018 
0.000106 
0.000460 
0.001369 
0.002312 
0.001369 
0.000460 
0.000106 
0.000018 
0.000002 
0.000000 
0.000000 
0.000000 
0.000000 
0.000000 
0.000000 
0.000000 
0.000000 
0.000000 
0.000000 
0.000000 
0.000000 
0.000000 
0.000002 
0.000018 
0.000131 
0.000749 
0.003213 
0.009423 
0.015754 
0.009423 
0.003213 
0.000749 
0.000131 
0.000018 
0.000000 
0.000000 
0.000000 
0.000000 
0.000000 
0.000000 
0.000000 
0.000000 
0.000000 
0.000000 
0.000000 
0.000000 
0.000001 
0.000012 
0.000106 
0.000749 
0.004215 
0.017808 
0.051532 
0.085333 
0.051532 
0.017808 
0.004215 
0.000749 
0.000104 
0.000000 
0.000000 
0.000000 
0.000000 
0.000000 
0.000000 
0.000000 
0.000000 
0.000000 
0.000000 
0.000000 
0.000000 
0.000005 
0.000054 
0.000460 
0.003213 
0.017808 
0.074188 
0.211997 
0.347954 
0.211997 
0.074188 
0.017808 
0.003212 
0.000455 
0.000000 
0.000000 
0.000000 
0.000000 
0.000000 
0.000000 
0.000000 
0.000000 
0.000000 
0.000000 
0.000000 
0.000001 
0.000017 
0.000164 
0.001369 
0.009423 
0.051532 
0.211997 
0.599062 
0.975651 
0.599062 
0.211997 
0.051532 
0.009422 
0.001353 
0.000000 
0.000000 
0.000000 
0.000000 
0.000000 
0.000000 
0.000000 
0.000000 
0.000000 
0.000000 
0.000000 
0.000003 
0.000029 
0.000280 
0.002312 
0.015754 
0.085333 
0.347954 
0.975651 
1.580618 
0.975651 
0.347954 
0.085332 
0.015751 
0.002284 
0.000000 
0.000000 
0.000000 
0.000000 
0.000000 
0.000000 
0.000000 
0.000000 
0.000000 
0.000000 
0.000000 
0.000001 
0.000017 
0.000164 
0.001369 
0.009423 
0.051532 
0.211997 
0.599062 
0.975651 
0.599062 
0.211997 
0.051532 
0.009422 
0.001353 
0.000000 
0.000000 
0.000000 
0.000000 
0.000000 
0.000000 
0.000000 
0.000000 
0.000000 
0.000000 
0.000000 
0.000000 
0.000005 
0.000054 
0.000460 
0.003213 
0.017808 
0.074188 
0.211997 
0.347954 
0.211997 
0.074188 
0.017808 
0.003212 
0.000455 
0.000000 
0.000000 
0.000000 
0.000000 
0.000000 
0.000000 
0.000000 
0.000000 
0.000000 
0.000000 
0.000000 
0.000000 
0.000001 
0.000012 
0.000106 
0.000749 
0.004215 
0.017808 
0.051532 
0.085332 
0.051532 
0.017808 
0.004215 
0.000749 
0.000104 
0.000000 
0.000000 
0.000000 
0.000000 
0.000000 
0.000000 
0.000000 
0.000000 
0.000000 
0.000000 
0.000000 
0.000000 
0.000000 
0.000002 
0.000018 
0.000131 
0.000749 
0.003212 
0.009422 
0.015751 
0.009422 
0.003212 
0.000749 
0.000131 
0.000018 
0.000000 
0.000000 
0.000000 
0.000000 
0.000000 
0.000000 
0.000000 
0.000000 
0.000000 
0.000000 
0.000000 
0.000000 
0.000000 
0.000000 
0.000002 
0.000018 
0.000104 
0.000455 
0.001353 
0.002284 
0.001353 
0.000455 
0.000104 
0.000018 
0.000002 
