25.000000 25.000000 1.000000
0.000012 
0.000064 
0.000256 
0.000727 
0.001217 
0.000727 
0.000256 
0.000064 
0.000012 
0.000002 
0.000000 
0.000000 
0.000000 
0.000000 
0.000000 
0.000000 
0.000000 
0.000000 
0.000000 
0.000000 
0.000000 
0.000000 
0.000000 
0.000000 
0.000000 
0.000064 
0.000341 
0.001392 
0.004028 
0.006847 
0.004028 
0.001392 
0.000341 
0.000065 
0.000010 
0.000001 
0.000000 
0.000000 
0.000000 
0.000000 
0.000000 
0.000000 
0.000000 
0.000000 
0.000000 
0.000000 
0.000000 
0.000000 
0.000000 
0.000000 
0.000256 
0.001392 
0.005793 
0.017113 
0.029577 
0.017113 
0.005793 
0.001393 
0.000261 
0.000040 
0.000005 
0.000001 
0.000000 
0.000000 
0.000000 
0.000000 
0.000000 
0.000000 
0.000000 
0.000000 
0.000000 
0.000000 
0.000000 
0.000000 
0.000000 
0.000727 
0.004028 
0.017113 
0.051598 
0.090582 
0.051598 
0.017113 
0.004030 
0.000741 
0.000113 
0.000015 
0.000002 
0.000000 
0.000000 
0.000000 
0.000000 
0.000000 
0.000000 
0.000000 
0.000000 
0.000000 
0.000000 
0.000000 
0.000000 
0.000000 
0.001217 
0.006847 
0.029577 
0.090582 
0.160847 
0.090582 
0.029577 
0.006850 
0.001240 
0.000186 
0.000024 
0.000003 
0.000000 
0.000000 
0.000000 
0.000000 
0.000000 
0.000000 
0.000000 
0.000000 
0.000000 
0.000000 
0.000000 
0.000000 
0.000000 
0.000727 
0.004028 
0.017113 
0.051598 
0.090582 
0.051598 
0.017113 
0.004030 
0.000741 
0.000113 
0.000015 
0.000002 
0.000000 
0.000000 
0.000000 
0.000000 
0.000000 
0.000000 
0.000000 
0.000000 
0.000000 
0.000000 
0.000000 
0.000000 
0.000000 
0.000256 
0.001392 
0.005793 
0.017113 
0.029577 
0.017113 
0.005793 
0.001393 
0.000261 
0.000040 
0.000005 
0.000001 
0.000000 
0.000000 
0.000000 
0.000000 
0.000000 
0.000000 
0.000000 
0.000000 
0.000000 
0.000000 
0.000000 
0.000000 
0.000000 
0.000064 
0.000341 
0.001393 
0.004030 
0.006850 
0.004030 
0.001393 
0.000342 
0.000065 
0.000010 
0.000001 
0.000000 
0.000000 
0.000000 
0.000000 
0.000000 
0.000000 
0.000000 
0.000000 
0.000000 
0.000000 
0.000000 
0.000000 
0.000000 
0.000000 
0.000012 
0.000065 
0.000261 
0.000741 
0.001240 
0.000741 
0.000261 
0.000065 
0.000013 
0.000002 
0.000000 
0.000000 
0.000000 
0.000000 
0.000000 
0.000000 
0.000000 
0.000000 
0.000000 
0.000000 
0.000000 
0.000000 
0.000000 
0.000000 
0.000000 
0.000002 
0.000010 
0.000040 
0.000113 
0.000186 
0.000113 
0.000040 
0.000010 
0.000002 
0.000000 
0.000000 
0.000000 
0.000000 
0.000000 
0.000000 
0.000000 
0.000000 
0.000000 
0.000000 
0.000000 
0.000000 
0.000000 
0.000000 
0.000000 
0.000000 
0.000000 
0.000001 
0.000005 
0.000015 
0.000024 
0.000015 
0.000005 
0.000001 
0.000000 
0.000000 
0.000000 
0.000000 
0.000000 
0.000000 
0.000000 
0.000000 
0.000000 
0.000000 
0.000001 
0.000001 
0.000001 
0.000000 
0.000000 
0.000000 
0.000000 
0.000000 
0.000000 
0.000001 
0.000002 
0.000003 
0.000002 
0.000001 
0.000000 
0.000000 
0.000000 
0.000000 
0.000000 
0.000000 
0.000000 
0.000000 
0.000000 
0.000001 
0.000003 
0.000006 
0.000009 
0.000006 
0.000003 
0.000001 
0.000000 
0.000000 
0.000000 
0.000000 
0.000000 
0.000000 
0.000000 
0.000000 
0.000000 
0.000000 
0.000000 
0.000000 
0.000000 
0.000000 
0.000000 
0.000000 
0.000000 
0.000002 
0.000007 
0.000022 
0.000053 
0.000076 
0.000053 
0.000022 
0.000007 
0.000002 
0.000000 
0.000000 
0.000000 
0.000000 
0.000000 
0.000000 
0.000000 
0.000000 
0.000000 
0.000000 
0.000000 
0.000000 
0.000000 
0.000000 
0.000000 
0.000002 
0.000011 
0.000049 
0.000164 
0.000383 
0.000550 
0.000383 
0.000164 
0.000049 
0.000011 
0.000002 
0.000000 
0.000000 
0.000000 
0.000000 
0.000000 
0.000000 
0.000000 
0.000000 
0.000000 
0.000000 
0.000000 
0.000000 
0.000000 
0.000002 
0.000013 
0.000072 
0.000312 
0.001023 
0.002371 
0.003387 
0.002371 
0.001023 
0.000312 
0.000072 
0.000013 
0.000000 
0.000000 
0.000000 
0.000000 
0.000000 
0.000000 
0.000000 
0.000000 
0.000000 
0.000000 
0.000000 
0.000000 
0.000002 
0.000011 
0.000072 
0.000384 
0.001634 
0.005312 
0.012201 
0.017340 
0.012201 
0.005312 
0.001634 
0.000384 
0.000071 
0.000000 
0.000000 
0.000000 
0.000000 
0.000000 
0.000000 
0.000000 
0.000000 
0.000000 
0.000000 
0.000000 
0.000001 
0.000007 
0.000049 
0.000312 
0.001634 
0.006882 
0.022158 
0.050484 
0.071399 
0.050484 
0.022158 
0.006882 
0.001633 
0.000305 
0.000000 
0.000000 
0.000000 
0.000000 
0.000000 
0.000000 
0.000000 
0.000000 
0.000000 
0.000000 
0.000000 
0.000003 
0.000022 
0.000164 
0.001023 
0.005312 
0.022158 
0.070715 
0.159923 
0.225197 
0.159923 
0.070715 
0.022158 
0.005309 
0.001001 
0.000000 
0.000000 
0.000000 
0.000000 
0.000000 
0.000000 
0.000000 
0.000000 
0.000000 
0.000000 
0.000001 
0.000006 
0.000053 
0.000383 
0.002371 
0.012201 
0.050484 
0.159923 
0.359448 
0.504391 
0.359448 
0.159923 
0.050483 
0.012195 
0.002318 
0.000000 
0.000000 
0.000000 
0.000000 
0.000000 
0.000000 
0.000000 
0.000000 
0.000000 
0.000000 
0.000001 
0.000009 
0.000076 
0.000550 
0.003387 
0.017340 
0.071399 
0.225197 
0.504391 
0.706423 
0.504391 
0.225197 
0.071398 
0.017331 
0.003311 
0.000000 
0.000000 
0.000000 
0.000000 
0.000000 
0.000000 
0.000000 
0.000000 
0.000000 
0.000000 
0.000001 
0.000006 
0.000053 
0.000383 
0.002371 
0.012201 
0.050484 
0.159923 
0.359448 
0.504391 
0.359448 
0.159923 
0.050483 
0.012195 
0.002318 
0.000000 
0.000000 
0.000000 
0.000000 
0.000000 
0.000000 
0.000000 
0.000000 
0.000000 
0.000000 
0.000000 
0.000003 
0.000022 
0.000164 
0.001023 
0.005312 
0.022158 
0.070715 
0.159923 
0.225197 
0.159923 
0.070715 
0.022158 
0.005309 
0.001001 
0.000000 
0.000000 
0.000000 
0.000000 
0.000000 
0.000000 
0.000000 
0.000000 
0.000000 
0.000000 
0.000000 
0.000001 
0.000007 
0.000049 
0.000312 
0.001634 
0.006882 
0.022158 
0.050483 
0.071398 
0.050483 
0.022158 
0.006882 
0.001633 
0.000305 
0.000000 
0.000000 
0.000000 
0.000000 
0.000000 
0.000000 
0.000000 
0.000000 
0.000000 
0.000000 
0.000000 
0.000000 
0.000002 
0.000011 
0.000072 
0.000384 
0.001633 
0.005309 
0.012195 
0.017331 
0.012195 
0.005309 
0.001633 
0.000384 
0.000071 
0.000000 
0.000000 
0.000000 
0.000000 
0.000000 
0.000000 
0.000000 
0.000000 
0.000000 
0.000000 
0.000000 
0.000000 
0.000000 
0.000002 
0.000013 
0.000071 
0.000305 
0.001001 
0.002318 
0.003311 
0.002318 
0.001001 
0.000305 
0.000071 
0.000013 
