25.000000 25.000000 1.000000
0.000022 
0.000178 
0.001091 
0.004506 
0.009937 
0.004506 
0.001091 
0.000178 
0.000022 
0.000002 
0.000000 
0.000000 
0.000000 
0.000000 
0.000000 
0.000000 
0.000000 
0.000000 
0.000000 
0.000000 
0.000000 
0.000000 
0.000000 
0.000000 
0.000000 
0.000178 
0.001455 
0.008836 
0.036136 
0.079031 
0.036136 
0.008836 
0.001455 
0.000179 
0.000018 
0.000001 
0.000000 
0.000000 
0.000000 
0.000000 
0.000000 
0.000000 
0.000000 
0.000000 
0.000000 
0.000000 
0.000000 
0.000000 
0.000000 
0.000000 
0.001091 
0.008836 
0.053126 
0.215144 
0.466554 
0.215144 
0.053126 
0.008837 
0.001100 
0.000109 
0.000009 
0.000001 
0.000000 
0.000000 
0.000000 
0.000000 
0.000000 
0.000000 
0.000000 
0.000000 
0.000000 
0.000000 
0.000000 
0.000000 
0.000000 
0.004506 
0.036136 
0.215144 
0.862996 
1.856352 
0.862996 
0.215144 
0.036139 
0.004543 
0.000454 
0.000038 
0.000003 
0.000000 
0.000000 
0.000000 
0.000000 
0.000000 
0.000000 
0.000000 
0.000000 
0.000000 
0.000000 
0.000000 
0.000000 
0.000000 
0.009937 
0.079031 
0.466554 
1.856352 
3.966026 
1.856352 
0.466554 
0.079037 
0.010021 
0.001010 
0.000084 
0.000006 
0.000000 
0.000000 
0.000000 
0.000000 
0.000000 
0.000000 
0.000000 
0.000000 
0.000000 
0.000000 
0.000000 
0.000000 
0.000000 
0.004506 
0.036136 
0.215144 
0.862996 
1.856352 
0.862996 
0.215144 
0.036139 
0.004543 
0.000454 
0.000038 
0.000003 
0.000000 
0.000000 
0.000000 
0.000000 
0.000000 
0.000000 
0.000000 
0.000000 
0.000000 
0.000000 
0.000000 
0.000000 
0.000000 
0.001091 
0.008836 
0.053126 
0.215144 
0.466554 
0.215144 
0.053126 
0.008837 
0.001100 
0.000109 
0.000009 
0.000001 
0.000000 
0.000000 
0.000000 
0.000000 
0.000000 
0.000000 
0.000000 
0.000000 
0.000000 
0.000000 
0.000000 
0.000000 
0.000000 
0.000178 
0.001455 
0.008837 
0.036139 
0.079037 
0.036139 
0.008837 
0.001455 
0.000179 
0.000018 
0.000001 
0.000000 
0.000000 
0.000000 
0.000000 
0.000000 
0.000000 
0.000000 
0.000000 
0.000000 
0.000000 
0.000000 
0.000000 
0.000000 
0.000000 
0.000022 
0.000179 
0.001100 
0.004543 
0.010021 
0.004543 
0.001100 
0.000179 
0.000022 
0.000002 
0.000000 
0.000000 
0.000000 
0.000000 
0.000000 
0.000000 
0.000000 
0.000000 
0.000000 
0.000000 
0.000000 
0.000000 
0.000000 
0.000000 
0.000000 
0.000002 
0.000018 
0.000109 
0.000454 
0.001010 
0.000454 
0.000109 
0.000018 
0.000002 
0.000000 
0.000000 
0.000000 
0.000000 
0.000000 
0.000000 
0.000000 
0.000000 
0.000000 
0.000000 
0.000000 
0.000000 
0.000000 
0.000000 
0.000000 
0.000000 
0.000000 
0.000001 
0.000009 
0.000038 
0.000084 
0.000038 
0.000009 
0.000001 
0.000000 
0.000000 
0.000000 
0.000000 
0.000000 
0.000000 
0.000000 
0.000000 
0.000000 
0.000000 
0.000000 
0.000000 
0.000000 
0.000000 
0.000000 
0.000000 
0.000000 
0.000000 
0.000000 
0.000001 
0.000003 
0.000006 
0.000003 
0.000001 
0.000000 
0.000000 
0.000000 
0.000000 
0.000000 
0.000000 
0.000000 
0.000000 
0.000000 
0.000000 
0.000000 
0.000000 
0.000001 
0.000000 
0.000000 
0.000000 
0.000000 
0.000000 
0.000000 
0.000000 
0.000000 
0.000000 
0.000000 
0.000000 
0.000000 
0.000000 
0.000000 
0.000000 
0.000000 
0.000000 
0.000000 
0.000000 
0.000000 
0.000000 
0.000000 
0.000001 
0.000004 
0.000006 
0.000004 
0.000001 
0.000000 
0.000000 
0.000000 
0.000000 
0.000000 
0.000000 
0.000000 
0.000000 
0.000000 
0.000000 
0.000000 
0.000000 
0.000000 
0.000000 
0.000000 
0.000000 
0.000000 
0.000000 
0.000001 
0.000003 
0.000012 
0.000032 
0.000052 
0.000032 
0.000012 
0.000003 
0.000001 
0.000000 
0.000000 
0.000000 
0.000000 
0.000000 
0.000000 
0.000000 
0.000000 
0.000000 
0.000000 
0.000000 
0.000000 
0.000000 
0.000000 
0.000000 
0.000001 
0.000005 
0.000023 
0.000088 
0.000242 
0.000395 
0.000242 
0.000088 
0.000023 
0.000005 
0.000001 
0.000000 
0.000000 
0.000000 
0.000000 
0.000000 
0.000000 
0.000000 
0.000000 
0.000000 
0.000000 
0.000000 
0.000000 
0.000000 
0.000001 
0.000005 
0.000028 
0.000143 
0.000561 
0.001563 
0.002580 
0.001563 
0.000561 
0.000143 
0.000028 
0.000004 
0.000000 
0.000000 
0.000000 
0.000000 
0.000000 
0.000000 
0.000000 
0.000000 
0.000000 
0.000000 
0.000000 
0.000000 
0.000000 
0.000003 
0.000023 
0.000143 
0.000733 
0.002929 
0.008321 
0.013955 
0.008321 
0.002929 
0.000733 
0.000143 
0.000022 
0.000000 
0.000000 
0.000000 
0.000000 
0.000000 
0.000000 
0.000000 
0.000000 
0.000000 
0.000000 
0.000000 
0.000000 
0.000001 
0.000012 
0.000088 
0.000561 
0.002929 
0.011942 
0.034641 
0.059058 
0.034641 
0.011942 
0.002929 
0.000561 
0.000087 
0.000000 
0.000000 
0.000000 
0.000000 
0.000000 
0.000000 
0.000000 
0.000000 
0.000000 
0.000000 
0.000000 
0.000000 
0.000004 
0.000032 
0.000242 
0.001563 
0.008321 
0.034641 
0.102553 
0.177542 
0.102553 
0.034641 
0.008321 
0.001563 
0.000239 
0.000000 
0.000000 
0.000000 
0.000000 
0.000000 
0.000000 
0.000000 
0.000000 
0.000000 
0.000000 
0.000000 
0.000001 
0.000006 
0.000052 
0.000395 
0.002580 
0.013955 
0.059058 
0.177542 
0.310797 
0.177542 
0.059058 
0.013955 
0.002580 
0.000389 
0.000000 
0.000000 
0.000000 
0.000000 
0.000000 
0.000000 
0.000000 
0.000000 
0.000000 
0.000000 
0.000000 
0.000000 
0.000004 
0.000032 
0.000242 
0.001563 
0.008321 
0.034641 
0.102553 
0.177542 
0.102553 
0.034641 
0.008321 
0.001563 
0.000239 
0.000000 
0.000000 
0.000000 
0.000000 
0.000000 
0.000000 
0.000000 
0.000000 
0.000000 
0.000000 
0.000000 
0.000000 
0.000001 
0.000012 
0.000088 
0.000561 
0.002929 
0.011942 
0.034641 
0.059058 
0.034641 
0.011942 
0.002929 
0.000561 
0.000087 
0.000000 
0.000000 
0.000000 
0.000000 
0.000000 
0.000000 
0.000000 
0.000000 
0.000000 
0.000000 
0.000000 
0.000000 
0.000000 
0.000003 
0.000023 
0.000143 
0.000733 
0.002929 
0.008321 
0.013955 
0.008321 
0.002929 
0.000733 
0.000143 
0.000022 
0.000000 
0.000000 
0.000000 
0.000000 
0.000000 
0.000000 
0.000000 
0.000000 
0.000000 
0.000000 
0.000000 
0.000000 
0.000000 
0.000001 
0.000005 
0.000028 
0.000143 
0.000561 
0.001563 
0.002580 
0.001563 
0.000561 
0.000143 
0.000028 
0.000004 
0.000000 
0.000000 
0.000000 
0.000000 
0.000000 
0.000000 
0.000000 
0.000000 
0.000000 
0.000000 
0.000000 
0.000000 
0.000000 
0.000000 
0.000001 
0.000004 
0.000022 
0.000087 
0.000239 
0.000389 
0.000239 
0.000087 
0.000022 
0.000004 
0.000001 
