25.000000 25.000000 1.000000
0.000002 
0.000028 
0.000254 
0.001541 
0.004762 
0.001541 
0.000254 
0.000028 
0.000002 
0.000000 
0.000000 
0.000000 
0.000000 
0.000000 
0.000000 
0.000000 
0.000000 
0.000000 
0.000000 
0.000000 
0.000000 
0.000000 
0.000000 
0.000000 
0.000000 
0.000028 
0.000339 
0.003053 
0.018205 
0.055432 
0.018205 
0.003053 
0.000339 
0.000028 
0.000002 
0.000000 
0.000000 
0.000000 
0.000000 
0.000000 
0.000000 
0.000000 
0.000000 
0.000000 
0.000000 
0.000000 
0.000000 
0.000000 
0.000000 
0.000000 
0.000254 
0.003053 
0.027054 
0.158683 
0.475971 
0.158683 
0.027054 
0.003053 
0.000255 
0.000017 
0.000001 
0.000000 
0.000000 
0.000000 
0.000000 
0.000000 
0.000000 
0.000000 
0.000000 
0.000000 
0.000000 
0.000000 
0.000000 
0.000000 
0.000000 
0.001541 
0.018205 
0.158683 
0.916038 
2.708099 
0.916038 
0.158683 
0.018205 
0.001546 
0.000103 
0.000006 
0.000000 
0.000000 
0.000000 
0.000000 
0.000000 
0.000000 
0.000000 
0.000000 
0.000000 
0.000000 
0.000000 
0.000000 
0.000000 
0.000000 
0.004762 
0.055432 
0.475971 
2.708099 
7.901713 
2.708099 
0.475971 
0.055433 
0.004781 
0.000325 
0.000018 
0.000001 
0.000000 
0.000000 
0.000000 
0.000000 
0.000000 
0.000000 
0.000000 
0.000000 
0.000000 
0.000000 
0.000000 
0.000000 
0.000000 
0.001541 
0.018205 
0.158683 
0.916038 
2.708099 
0.916038 
0.158683 
0.018205 
0.001546 
0.000103 
0.000006 
0.000000 
0.000000 
0.000000 
0.000000 
0.000000 
0.000000 
0.000000 
0.000000 
0.000000 
0.000000 
0.000000 
0.000000 
0.000000 
0.000000 
0.000254 
0.003053 
0.027054 
0.158683 
0.475971 
0.158683 
0.027054 
0.003053 
0.000255 
0.000017 
0.000001 
0.000000 
0.000000 
0.000000 
0.000000 
0.000000 
0.000000 
0.000000 
0.000000 
0.000000 
0.000000 
0.000000 
0.000000 
0.000000 
0.000000 
0.000028 
0.000339 
0.003053 
0.018205 
0.055433 
0.018205 
0.003053 
0.000339 
0.000028 
0.000002 
0.000000 
0.000000 
0.000000 
0.000000 
0.000000 
0.000000 
0.000000 
0.000000 
0.000000 
0.000000 
0.000000 
0.000000 
0.000000 
0.000000 
0.000000 
0.000002 
0.000028 
0.000255 
0.001546 
0.004781 
0.001546 
0.000255 
0.000028 
0.000002 
0.000000 
0.000000 
0.000000 
0.000000 
0.000000 
0.000000 
0.000000 
0.000000 
0.000000 
0.000000 
0.000000 
0.000000 
0.000000 
0.000000 
0.000000 
0.000000 
0.000000 
0.000002 
0.000017 
0.000103 
0.000325 
0.000103 
0.000017 
0.000002 
0.000000 
0.000000 
0.000000 
0.000000 
0.000000 
0.000000 
0.000000 
0.000000 
0.000000 
0.000000 
0.000000 
0.000000 
0.000000 
0.000000 
0.000000 
0.000000 
0.000000 
0.000000 
0.000000 
0.000001 
0.000006 
0.000018 
0.000006 
0.000001 
0.000000 
0.000000 
0.000000 
0.000000 
0.000000 
0.000000 
0.000000 
0.000000 
0.000000 
0.000000 
0.000000 
0.000000 
0.000000 
0.000000 
0.000000 
0.000000 
0.000000 
0.000000 
0.000000 
0.000000 
0.000000 
0.000000 
0.000001 
0.000000 
0.000000 
0.000000 
0.000000 
0.000000 
0.000000 
0.000000 
0.000000 
0.000000 
0.000000 
0.000000 
0.000000 
0.000000 
0.000000 
0.000000 
0.000000 
0.000000 
0.000000 
0.000000 
0.000000 
0.000000 
0.000000 
0.000000 
0.000000 
0.000000 
0.000000 
0.000000 
0.000000 
0.000000 
0.000000 
0.000000 
0.000000 
0.000000 
0.000000 
0.000000 
0.000000 
0.000000 
0.000000 
0.000000 
0.000001 
0.000000 
0.000000 
0.000000 
0.000000 
0.000000 
0.000000 
0.000000 
0.000000 
0.000000 
0.000000 
0.000000 
0.000000 
0.000000 
0.000000 
0.000000 
0.000000 
0.000000 
0.000000 
0.000000 
0.000000 
0.000000 
0.000000 
0.000001 
0.000005 
0.000011 
0.000005 
0.000001 
0.000000 
0.000000 
0.000000 
0.000000 
0.000000 
0.000000 
0.000000 
0.000000 
0.000000 
0.000000 
0.000000 
0.000000 
0.000000 
0.000000 
0.000000 
0.000000 
0.000000 
0.000000 
0.000000 
0.000003 
0.000016 
0.000060 
0.000125 
0.000060 
0.000016 
0.000003 
0.000000 
0.000000 
0.000000 
0.000000 
0.000000 
0.000000 
0.000000 
0.000000 
0.000000 
0.000000 
0.000000 
0.000000 
0.000000 
0.000000 
0.000000 
0.000000 
0.000000 
0.000003 
0.000026 
0.000144 
0.000554 
0.001176 
0.000554 
0.000144 
0.000026 
0.000003 
0.000000 
0.000000 
0.000000 
0.000000 
0.000000 
0.000000 
0.000000 
0.000000 
0.000000 
0.000000 
0.000000 
0.000000 
0.000000 
0.000000 
0.000000 
0.000003 
0.000026 
0.000190 
0.001073 
0.004188 
0.009011 
0.004188 
0.001073 
0.000190 
0.000026 
0.000003 
0.000000 
0.000000 
0.000000 
0.000000 
0.000000 
0.000000 
0.000000 
0.000000 
0.000000 
0.000000 
0.000000 
0.000000 
0.000000 
0.000001 
0.000016 
0.000144 
0.001073 
0.006141 
0.024367 
0.053300 
0.024367 
0.006141 
0.001073 
0.000144 
0.000016 
0.000000 
0.000000 
0.000000 
0.000000 
0.000000 
0.000000 
0.000000 
0.000000 
0.000000 
0.000000 
0.000000 
0.000000 
0.000000 
0.000005 
0.000060 
0.000554 
0.004188 
0.024367 
0.098505 
0.219210 
0.098505 
0.024367 
0.004188 
0.000554 
0.000059 
0.000000 
0.000000 
0.000000 
0.000000 
0.000000 
0.000000 
0.000000 
0.000000 
0.000000 
0.000000 
0.000000 
0.000000 
0.000001 
0.000011 
0.000125 
0.001176 
0.009011 
0.053300 
0.219210 
0.495145 
0.219210 
0.053300 
0.009011 
0.001176 
0.000125 
0.000000 
0.000000 
0.000000 
0.000000 
0.000000 
0.000000 
0.000000 
0.000000 
0.000000 
0.000000 
0.000000 
0.000000 
0.000000 
0.000005 
0.000060 
0.000554 
0.004188 
0.024367 
0.098505 
0.219210 
0.098505 
0.024367 
0.004188 
0.000554 
0.000059 
0.000000 
0.000000 
0.000000 
0.000000 
0.000000 
0.000000 
0.000000 
0.000000 
0.000000 
0.000000 
0.000000 
0.000000 
0.000000 
0.000001 
0.000016 
0.000144 
0.001073 
0.006141 
0.024367 
0.053300 
0.024367 
0.006141 
0.001073 
0.000144 
0.000016 
0.000000 
0.000000 
0.000000 
0.000000 
0.000000 
0.000000 
0.000000 
0.000000 
0.000000 
0.000000 
0.000000 
0.000000 
0.000000 
0.000000 
0.000003 
0.000026 
0.000190 
0.001073 
0.004188 
0.009011 
0.004188 
0.001073 
0.000190 
0.000026 
0.000003 
0.000000 
0.000000 
0.000000 
0.000000 
0.000000 
0.000000 
0.000000 
0.000000 
0.000000 
0.000000 
0.000000 
0.000000 
0.000000 
0.000000 
0.000000 
0.000003 
0.000026 
0.000144 
0.000554 
0.001176 
0.000554 
0.000144 
0.000026 
0.000003 
0.000000 
0.000000 
0.000000 
0.000000 
0.000000 
0.000000 
0.000000 
0.000000 
0.000000 
0.000000 
0.000000 
0.000000 
0.000000 
0.000000 
0.000000 
0.000000 
0.000000 
0.000003 
0.000016 
0.000059 
0.000125 
0.000059 
0.000016 
0.000003 
0.000000 
0.000000 
