25.000000 25.000000 1.000000
0.000035 
0.000261 
0.001460 
0.005530 
0.011352 
0.005530 
0.001460 
0.000261 
0.000035 
0.000004 
0.000000 
0.000000 
0.000000 
0.000000 
0.000000 
0.000000 
0.000000 
0.000000 
0.000000 
0.000000 
0.000000 
0.000000 
0.000000 
0.000000 
0.000000 
0.000261 
0.001947 
0.010803 
0.040584 
0.082721 
0.040584 
0.010803 
0.001947 
0.000263 
0.000028 
0.000003 
0.000000 
0.000000 
0.000000 
0.000000 
0.000000 
0.000000 
0.000000 
0.000000 
0.000000 
0.000000 
0.000000 
0.000000 
0.000000 
0.000000 
0.001460 
0.010803 
0.059435 
0.221361 
0.447935 
0.221361 
0.059435 
0.010804 
0.001474 
0.000160 
0.000014 
0.000001 
0.000000 
0.000000 
0.000000 
0.000000 
0.000000 
0.000000 
0.000000 
0.000000 
0.000000 
0.000000 
0.000000 
0.000000 
0.000000 
0.005530 
0.040584 
0.221361 
0.817587 
1.643022 
0.817587 
0.221361 
0.040588 
0.005585 
0.000612 
0.000056 
0.000004 
0.000000 
0.000000 
0.000000 
0.000000 
0.000000 
0.000000 
0.000000 
0.000000 
0.000000 
0.000000 
0.000000 
0.000000 
0.000000 
0.011352 
0.082721 
0.447935 
1.643022 
3.283185 
1.643022 
0.447935 
0.082730 
0.011468 
0.001266 
0.000116 
0.000009 
0.000001 
0.000000 
0.000000 
0.000000 
0.000000 
0.000000 
0.000000 
0.000000 
0.000000 
0.000000 
0.000000 
0.000000 
0.000000 
0.005530 
0.040584 
0.221361 
0.817587 
1.643022 
0.817587 
0.221361 
0.040588 
0.005585 
0.000612 
0.000056 
0.000004 
0.000000 
0.000000 
0.000000 
0.000000 
0.000000 
0.000000 
0.000000 
0.000000 
0.000000 
0.000000 
0.000000 
0.000000 
0.000000 
0.001460 
0.010803 
0.059435 
0.221361 
0.447935 
0.221361 
0.059436 
0.010804 
0.001474 
0.000160 
0.000014 
0.000001 
0.000000 
0.000000 
0.000000 
0.000000 
0.000000 
0.000000 
0.000000 
0.000000 
0.000000 
0.000000 
0.000000 
0.000000 
0.000000 
0.000261 
0.001947 
0.010804 
0.040588 
0.082730 
0.040588 
0.010804 
0.001947 
0.000264 
0.000028 
0.000003 
0.000000 
0.000000 
0.000000 
0.000000 
0.000000 
0.000000 
0.000000 
0.000000 
0.000000 
0.000000 
0.000000 
0.000000 
0.000000 
0.000000 
0.000035 
0.000263 
0.001474 
0.005585 
0.011468 
0.005585 
0.001474 
0.000264 
0.000035 
0.000004 
0.000000 
0.000000 
0.000000 
0.000000 
0.000000 
0.000000 
0.000000 
0.000000 
0.000000 
0.000000 
0.000000 
0.000000 
0.000000 
0.000000 
0.000000 
0.000004 
0.000028 
0.000160 
0.000612 
0.001266 
0.000612 
0.000160 
0.000028 
0.000004 
0.000000 
0.000000 
0.000000 
0.000000 
0.000000 
0.000000 
0.000000 
0.000000 
0.000000 
0.000000 
0.000000 
0.000000 
0.000000 
0.000000 
0.000000 
0.000000 
0.000000 
0.000003 
0.000014 
0.000056 
0.000116 
0.000056 
0.000014 
0.000003 
0.000000 
0.000000 
0.000000 
0.000000 
0.000000 
0.000000 
0.000000 
0.000000 
0.000000 
0.000000 
0.000000 
0.000000 
0.000000 
0.000000 
0.000000 
0.000000 
0.000000 
0.000000 
0.000000 
0.000001 
0.000004 
0.000009 
0.000004 
0.000001 
0.000000 
0.000000 
0.000000 
0.000000 
0.000000 
0.000000 
0.000000 
0.000000 
0.000000 
0.000000 
0.000000 
0.000001 
0.000001 
0.000001 
0.000000 
0.000000 
0.000000 
0.000000 
0.000000 
0.000000 
0.000000 
0.000000 
0.000001 
0.000000 
0.000000 
0.000000 
0.000000 
0.000000 
0.000000 
0.000000 
0.000000 
0.000000 
0.000000 
0.000000 
0.000001 
0.000002 
0.000006 
0.000009 
0.000006 
0.000002 
0.000001 
0.000000 
0.000000 
0.000000 
0.000000 
0.000000 
0.000000 
0.000000 
0.000000 
0.000000 
0.000000 
0.000000 
0.000000 
0.000000 
0.000000 
0.000000 
0.000000 
0.000000 
0.000001 
0.000005 
0.000018 
0.000046 
0.000070 
0.000046 
0.000018 
0.000005 
0.000001 
0.000000 
0.000000 
0.000000 
0.000000 
0.000000 
0.000000 
0.000000 
0.000000 
0.000000 
0.000000 
0.000000 
0.000000 
0.000000 
0.000000 
0.000000 
0.000001 
0.000008 
0.000035 
0.000124 
0.000316 
0.000490 
0.000316 
0.000124 
0.000035 
0.000008 
0.000001 
0.000000 
0.000000 
0.000000 
0.000000 
0.000000 
0.000000 
0.000000 
0.000000 
0.000000 
0.000000 
0.000000 
0.000000 
0.000000 
0.000001 
0.000008 
0.000043 
0.000199 
0.000722 
0.001880 
0.002958 
0.001880 
0.000722 
0.000199 
0.000043 
0.000007 
0.000000 
0.000000 
0.000000 
0.000000 
0.000000 
0.000000 
0.000000 
0.000000 
0.000000 
0.000000 
0.000000 
0.000000 
0.000001 
0.000005 
0.000035 
0.000199 
0.000941 
0.003486 
0.009259 
0.014793 
0.009259 
0.003486 
0.000941 
0.000198 
0.000034 
0.000000 
0.000000 
0.000000 
0.000000 
0.000000 
0.000000 
0.000000 
0.000000 
0.000000 
0.000000 
0.000000 
0.000000 
0.000002 
0.000018 
0.000124 
0.000722 
0.003486 
0.013200 
0.035799 
0.058094 
0.035799 
0.013200 
0.003486 
0.000722 
0.000121 
0.000000 
0.000000 
0.000000 
0.000000 
0.000000 
0.000000 
0.000000 
0.000000 
0.000000 
0.000000 
0.000000 
0.000001 
0.000006 
0.000046 
0.000316 
0.001880 
0.009259 
0.035799 
0.099047 
0.163030 
0.099047 
0.035799 
0.009259 
0.001879 
0.000310 
0.000000 
0.000000 
0.000000 
0.000000 
0.000000 
0.000000 
0.000000 
0.000000 
0.000000 
0.000000 
0.000000 
0.000001 
0.000009 
0.000070 
0.000490 
0.002958 
0.014793 
0.058094 
0.163030 
0.270985 
0.163030 
0.058094 
0.014793 
0.002957 
0.000482 
0.000000 
0.000000 
0.000000 
0.000000 
0.000000 
0.000000 
0.000000 
0.000000 
0.000000 
0.000000 
0.000000 
0.000001 
0.000006 
0.000046 
0.000316 
0.001880 
0.009259 
0.035799 
0.099047 
0.163030 
0.099047 
0.035799 
0.009259 
0.001879 
0.000310 
0.000000 
0.000000 
0.000000 
0.000000 
0.000000 
0.000000 
0.000000 
0.000000 
0.000000 
0.000000 
0.000000 
0.000000 
0.000002 
0.000018 
0.000124 
0.000722 
0.003486 
0.013200 
0.035799 
0.058094 
0.035799 
0.013200 
0.003486 
0.000722 
0.000121 
0.000000 
0.000000 
0.000000 
0.000000 
0.000000 
0.000000 
0.000000 
0.000000 
0.000000 
0.000000 
0.000000 
0.000000 
0.000001 
0.000005 
0.000035 
0.000199 
0.000941 
0.003486 
0.009259 
0.014793 
0.009259 
0.003486 
0.000940 
0.000198 
0.000034 
0.000000 
0.000000 
0.000000 
0.000000 
0.000000 
0.000000 
0.000000 
0.000000 
0.000000 
0.000000 
0.000000 
0.000000 
0.000000 
0.000001 
0.000008 
0.000043 
0.000198 
0.000722 
0.001879 
0.002957 
0.001879 
0.000722 
0.000198 
0.000043 
0.000007 
0.000000 
0.000000 
0.000000 
0.000000 
0.000000 
0.000000 
0.000000 
0.000000 
0.000000 
0.000000 
0.000000 
0.000000 
0.000000 
0.000000 
0.000001 
0.000007 
0.000034 
0.000121 
0.000310 
0.000482 
0.000310 
0.000121 
0.000034 
0.000007 
0.000001 
