25.000000 25.000000 1.000000
0.000045 
0.000322 
0.001712 
0.006172 
0.012172 
0.006172 
0.001712 
0.000322 
0.000046 
0.000005 
0.000000 
0.000000 
0.000000 
0.000000 
0.000000 
0.000000 
0.000000 
0.000000 
0.000000 
0.000000 
0.000000 
0.000000 
0.000000 
0.000000 
0.000000 
0.000322 
0.002282 
0.012027 
0.043034 
0.084324 
0.043034 
0.012027 
0.002283 
0.000326 
0.000037 
0.000004 
0.000000 
0.000000 
0.000000 
0.000000 
0.000000 
0.000000 
0.000000 
0.000000 
0.000000 
0.000000 
0.000000 
0.000000 
0.000000 
0.000000 
0.001712 
0.012027 
0.062865 
0.223161 
0.434402 
0.223161 
0.062865 
0.012028 
0.001731 
0.000199 
0.000019 
0.000002 
0.000000 
0.000000 
0.000000 
0.000000 
0.000000 
0.000000 
0.000000 
0.000000 
0.000000 
0.000000 
0.000000 
0.000000 
0.000000 
0.006172 
0.043034 
0.223161 
0.786114 
1.520663 
0.786114 
0.223162 
0.043040 
0.006241 
0.000722 
0.000069 
0.000006 
0.000000 
0.000000 
0.000000 
0.000000 
0.000000 
0.000000 
0.000000 
0.000000 
0.000000 
0.000000 
0.000000 
0.000000 
0.000000 
0.012172 
0.084324 
0.434402 
1.520663 
2.926771 
1.520663 
0.434403 
0.084335 
0.012310 
0.001433 
0.000138 
0.000011 
0.000001 
0.000000 
0.000000 
0.000000 
0.000000 
0.000000 
0.000000 
0.000000 
0.000000 
0.000000 
0.000000 
0.000000 
0.000000 
0.006172 
0.043034 
0.223161 
0.786114 
1.520663 
0.786114 
0.223162 
0.043040 
0.006241 
0.000722 
0.000069 
0.000006 
0.000000 
0.000000 
0.000000 
0.000000 
0.000000 
0.000000 
0.000000 
0.000000 
0.000000 
0.000000 
0.000000 
0.000000 
0.000000 
0.001712 
0.012027 
0.062865 
0.223162 
0.434403 
0.223162 
0.062866 
0.012028 
0.001731 
0.000199 
0.000019 
0.000002 
0.000000 
0.000000 
0.000000 
0.000000 
0.000000 
0.000000 
0.000000 
0.000000 
0.000000 
0.000000 
0.000000 
0.000000 
0.000000 
0.000322 
0.002283 
0.012028 
0.043040 
0.084335 
0.043040 
0.012028 
0.002283 
0.000326 
0.000037 
0.000004 
0.000000 
0.000000 
0.000000 
0.000000 
0.000000 
0.000000 
0.000000 
0.000000 
0.000000 
0.000000 
0.000000 
0.000000 
0.000000 
0.000000 
0.000046 
0.000326 
0.001731 
0.006241 
0.012310 
0.006241 
0.001731 
0.000326 
0.000046 
0.000005 
0.000000 
0.000000 
0.000000 
0.000000 
0.000000 
0.000000 
0.000000 
0.000000 
0.000000 
0.000000 
0.000000 
0.000000 
0.000000 
0.000000 
0.000000 
0.000005 
0.000037 
0.000199 
0.000722 
0.001433 
0.000722 
0.000199 
0.000037 
0.000005 
0.000001 
0.000000 
0.000000 
0.000000 
0.000000 
0.000000 
0.000000 
0.000000 
0.000000 
0.000000 
0.000000 
0.000000 
0.000000 
0.000000 
0.000000 
0.000000 
0.000000 
0.000004 
0.000019 
0.000069 
0.000138 
0.000069 
0.000019 
0.000004 
0.000000 
0.000000 
0.000000 
0.000000 
0.000000 
0.000000 
0.000000 
0.000000 
0.000000 
0.000000 
0.000000 
0.000000 
0.000000 
0.000000 
0.000000 
0.000000 
0.000000 
0.000000 
0.000000 
0.000002 
0.000006 
0.000011 
0.000006 
0.000002 
0.000000 
0.000000 
0.000000 
0.000000 
0.000000 
0.000000 
0.000000 
0.000000 
0.000000 
0.000000 
0.000000 
0.000001 
0.000001 
0.000001 
0.000000 
0.000000 
0.000000 
0.000000 
0.000000 
0.000000 
0.000000 
0.000000 
0.000001 
0.000000 
0.000000 
0.000000 
0.000000 
0.000000 
0.000000 
0.000000 
0.000000 
0.000000 
0.000000 
0.000000 
0.000001 
0.000003 
0.000007 
0.000011 
0.000007 
0.000003 
0.000001 
0.000000 
0.000000 
0.000000 
0.000000 
0.000000 
0.000000 
0.000000 
0.000000 
0.000000 
0.000000 
0.000000 
0.000000 
0.000000 
0.000000 
0.000000 
0.000000 
0.000000 
0.000002 
0.000007 
0.000023 
0.000055 
0.000082 
0.000055 
0.000023 
0.000007 
0.000002 
0.000000 
0.000000 
0.000000 
0.000000 
0.000000 
0.000000 
0.000000 
0.000000 
0.000000 
0.000000 
0.000000 
0.000000 
0.000000 
0.000000 
0.000000 
0.000002 
0.000010 
0.000043 
0.000148 
0.000365 
0.000551 
0.000365 
0.000148 
0.000043 
0.000010 
0.000002 
0.000000 
0.000000 
0.000000 
0.000000 
0.000000 
0.000000 
0.000000 
0.000000 
0.000000 
0.000000 
0.000000 
0.000000 
0.000000 
0.000002 
0.000010 
0.000053 
0.000237 
0.000826 
0.002070 
0.003173 
0.002070 
0.000826 
0.000237 
0.000053 
0.000010 
0.000000 
0.000000 
0.000000 
0.000000 
0.000000 
0.000000 
0.000000 
0.000000 
0.000000 
0.000000 
0.000000 
0.000000 
0.000001 
0.000007 
0.000043 
0.000237 
0.001073 
0.003814 
0.009752 
0.015174 
0.009752 
0.003814 
0.001073 
0.000237 
0.000042 
0.000000 
0.000000 
0.000000 
0.000000 
0.000000 
0.000000 
0.000000 
0.000000 
0.000000 
0.000000 
0.000000 
0.000000 
0.000003 
0.000023 
0.000148 
0.000826 
0.003814 
0.013845 
0.036151 
0.057098 
0.036151 
0.013845 
0.003814 
0.000826 
0.000145 
0.000000 
0.000000 
0.000000 
0.000000 
0.000000 
0.000000 
0.000000 
0.000000 
0.000000 
0.000000 
0.000000 
0.000001 
0.000007 
0.000055 
0.000365 
0.002070 
0.009752 
0.036151 
0.096260 
0.154097 
0.096260 
0.036151 
0.009752 
0.002069 
0.000357 
0.000000 
0.000000 
0.000000 
0.000000 
0.000000 
0.000000 
0.000000 
0.000000 
0.000000 
0.000000 
0.000000 
0.000001 
0.000011 
0.000082 
0.000551 
0.003173 
0.015174 
0.057098 
0.154097 
0.248920 
0.154097 
0.057098 
0.015174 
0.003172 
0.000540 
0.000000 
0.000000 
0.000000 
0.000000 
0.000000 
0.000000 
0.000000 
0.000000 
0.000000 
0.000000 
0.000000 
0.000001 
0.000007 
0.000055 
0.000365 
0.002070 
0.009752 
0.036151 
0.096260 
0.154097 
0.096260 
0.036151 
0.009752 
0.002069 
0.000357 
0.000000 
0.000000 
0.000000 
0.000000 
0.000000 
0.000000 
0.000000 
0.000000 
0.000000 
0.000000 
0.000000 
0.000000 
0.000003 
0.000023 
0.000148 
0.000826 
0.003814 
0.013845 
0.036151 
0.057098 
0.036151 
0.013845 
0.003814 
0.000826 
0.000145 
0.000000 
0.000000 
0.000000 
0.000000 
0.000000 
0.000000 
0.000000 
0.000000 
0.000000 
0.000000 
0.000000 
0.000000 
0.000001 
0.000007 
0.000043 
0.000237 
0.001073 
0.003814 
0.009752 
0.015174 
0.009752 
0.003814 
0.001073 
0.000237 
0.000042 
0.000000 
0.000000 
0.000000 
0.000000 
0.000000 
0.000000 
0.000000 
0.000000 
0.000000 
0.000000 
0.000000 
0.000000 
0.000000 
0.000002 
0.000010 
0.000053 
0.000237 
0.000826 
0.002069 
0.003172 
0.002069 
0.000826 
0.000237 
0.000053 
0.000010 
0.000000 
0.000000 
0.000000 
0.000000 
0.000000 
0.000000 
0.000000 
0.000000 
0.000000 
0.000000 
0.000000 
0.000000 
0.000000 
0.000000 
0.000002 
0.000010 
0.000042 
0.000145 
0.000357 
0.000540 
0.000357 
0.000145 
0.000042 
0.000010 
0.000002 
