25.000000 25.000000 1.000000
0.000018 
0.000086 
0.000323 
0.000861 
0.001379 
0.000861 
0.000323 
0.000086 
0.000018 
0.000003 
0.000000 
0.000000 
0.000000 
0.000000 
0.000000 
0.000000 
0.000000 
0.000000 
0.000000 
0.000000 
0.000000 
0.000000 
0.000000 
0.000000 
0.000000 
0.000086 
0.000430 
0.001640 
0.004462 
0.007252 
0.004462 
0.001640 
0.000431 
0.000088 
0.000015 
0.000002 
0.000000 
0.000000 
0.000000 
0.000000 
0.000000 
0.000000 
0.000000 
0.000000 
0.000000 
0.000000 
0.000000 
0.000000 
0.000000 
0.000000 
0.000323 
0.001640 
0.006380 
0.017727 
0.029277 
0.017727 
0.006380 
0.001641 
0.000330 
0.000055 
0.000008 
0.000001 
0.000000 
0.000000 
0.000000 
0.000000 
0.000000 
0.000000 
0.000000 
0.000000 
0.000000 
0.000000 
0.000000 
0.000000 
0.000000 
0.000861 
0.004462 
0.017727 
0.050259 
0.084229 
0.050259 
0.017728 
0.004464 
0.000881 
0.000144 
0.000020 
0.000002 
0.000000 
0.000000 
0.000000 
0.000000 
0.000000 
0.000000 
0.000000 
0.000000 
0.000000 
0.000000 
0.000000 
0.000000 
0.000000 
0.001379 
0.007252 
0.029277 
0.084229 
0.142617 
0.084229 
0.029278 
0.007256 
0.001410 
0.000227 
0.000031 
0.000004 
0.000000 
0.000000 
0.000000 
0.000000 
0.000000 
0.000000 
0.000000 
0.000000 
0.000000 
0.000000 
0.000000 
0.000000 
0.000000 
0.000861 
0.004462 
0.017727 
0.050259 
0.084229 
0.050259 
0.017728 
0.004464 
0.000881 
0.000144 
0.000020 
0.000002 
0.000000 
0.000000 
0.000000 
0.000000 
0.000000 
0.000000 
0.000000 
0.000000 
0.000000 
0.000000 
0.000000 
0.000000 
0.000000 
0.000323 
0.001640 
0.006380 
0.017728 
0.029278 
0.017728 
0.006380 
0.001641 
0.000330 
0.000055 
0.000008 
0.000001 
0.000000 
0.000000 
0.000000 
0.000000 
0.000000 
0.000000 
0.000000 
0.000000 
0.000000 
0.000000 
0.000000 
0.000000 
0.000000 
0.000086 
0.000431 
0.001641 
0.004464 
0.007256 
0.004464 
0.001641 
0.000431 
0.000088 
0.000015 
0.000002 
0.000000 
0.000000 
0.000000 
0.000000 
0.000000 
0.000000 
0.000000 
0.000000 
0.000000 
0.000000 
0.000000 
0.000000 
0.000000 
0.000000 
0.000018 
0.000088 
0.000330 
0.000881 
0.001410 
0.000881 
0.000330 
0.000088 
0.000018 
0.000003 
0.000000 
0.000000 
0.000000 
0.000000 
0.000000 
0.000000 
0.000000 
0.000000 
0.000000 
0.000000 
0.000000 
0.000000 
0.000000 
0.000000 
0.000000 
0.000003 
0.000015 
0.000055 
0.000144 
0.000227 
0.000144 
0.000055 
0.000015 
0.000003 
0.000001 
0.000000 
0.000000 
0.000000 
0.000000 
0.000000 
0.000000 
0.000000 
0.000000 
0.000000 
0.000000 
0.000000 
0.000000 
0.000000 
0.000000 
0.000000 
0.000000 
0.000002 
0.000008 
0.000020 
0.000031 
0.000020 
0.000008 
0.000002 
0.000000 
0.000000 
0.000000 
0.000000 
0.000000 
0.000000 
0.000000 
0.000000 
0.000000 
0.000000 
0.000001 
0.000001 
0.000001 
0.000000 
0.000000 
0.000000 
0.000000 
0.000000 
0.000000 
0.000001 
0.000002 
0.000004 
0.000002 
0.000001 
0.000000 
0.000000 
0.000000 
0.000000 
0.000000 
0.000000 
0.000000 
0.000000 
0.000000 
0.000001 
0.000004 
0.000009 
0.000012 
0.000009 
0.000004 
0.000001 
0.000000 
0.000000 
0.000000 
0.000000 
0.000000 
0.000000 
0.000000 
0.000000 
0.000000 
0.000000 
0.000000 
0.000000 
0.000000 
0.000000 
0.000000 
0.000000 
0.000000 
0.000002 
0.000010 
0.000031 
0.000068 
0.000095 
0.000068 
0.000031 
0.000010 
0.000002 
0.000000 
0.000000 
0.000000 
0.000000 
0.000000 
0.000000 
0.000000 
0.000000 
0.000000 
0.000000 
0.000000 
0.000000 
0.000000 
0.000000 
0.000001 
0.000003 
0.000017 
0.000068 
0.000209 
0.000458 
0.000633 
0.000458 
0.000209 
0.000068 
0.000017 
0.000003 
0.000000 
0.000000 
0.000000 
0.000000 
0.000000 
0.000000 
0.000000 
0.000000 
0.000000 
0.000000 
0.000000 
0.000000 
0.000000 
0.000003 
0.000020 
0.000099 
0.000393 
0.001200 
0.002613 
0.003597 
0.002613 
0.001200 
0.000393 
0.000099 
0.000020 
0.000000 
0.000000 
0.000000 
0.000000 
0.000000 
0.000000 
0.000000 
0.000000 
0.000000 
0.000000 
0.000000 
0.000000 
0.000002 
0.000017 
0.000099 
0.000484 
0.001904 
0.005758 
0.012440 
0.017051 
0.012440 
0.005758 
0.001904 
0.000483 
0.000096 
0.000000 
0.000000 
0.000000 
0.000000 
0.000000 
0.000000 
0.000000 
0.000000 
0.000000 
0.000000 
0.000000 
0.000001 
0.000010 
0.000068 
0.000393 
0.001904 
0.007426 
0.022273 
0.047786 
0.065244 
0.047786 
0.022273 
0.007426 
0.001902 
0.000383 
0.000000 
0.000000 
0.000000 
0.000000 
0.000000 
0.000000 
0.000000 
0.000000 
0.000000 
0.000000 
0.000000 
0.000004 
0.000031 
0.000209 
0.001200 
0.005758 
0.022273 
0.066298 
0.141354 
0.192341 
0.141354 
0.066298 
0.022273 
0.005754 
0.001170 
0.000000 
0.000000 
0.000000 
0.000000 
0.000000 
0.000000 
0.000000 
0.000000 
0.000000 
0.000000 
0.000001 
0.000009 
0.000068 
0.000458 
0.002613 
0.012440 
0.047786 
0.141354 
0.299872 
0.406952 
0.299872 
0.141354 
0.047785 
0.012431 
0.002545 
0.000000 
0.000000 
0.000000 
0.000000 
0.000000 
0.000000 
0.000000 
0.000000 
0.000000 
0.000000 
0.000001 
0.000012 
0.000095 
0.000633 
0.003597 
0.017051 
0.065244 
0.192341 
0.406952 
0.551530 
0.406952 
0.192341 
0.065243 
0.017039 
0.003502 
0.000000 
0.000000 
0.000000 
0.000000 
0.000000 
0.000000 
0.000000 
0.000000 
0.000000 
0.000000 
0.000001 
0.000009 
0.000068 
0.000458 
0.002613 
0.012440 
0.047786 
0.141354 
0.299872 
0.406952 
0.299872 
0.141354 
0.047785 
0.012431 
0.002545 
0.000000 
0.000000 
0.000000 
0.000000 
0.000000 
0.000000 
0.000000 
0.000000 
0.000000 
0.000000 
0.000000 
0.000004 
0.000031 
0.000209 
0.001200 
0.005758 
0.022273 
0.066298 
0.141354 
0.192341 
0.141354 
0.066298 
0.022273 
0.005754 
0.001170 
0.000000 
0.000000 
0.000000 
0.000000 
0.000000 
0.000000 
0.000000 
0.000000 
0.000000 
0.000000 
0.000000 
0.000001 
0.000010 
0.000068 
0.000393 
0.001904 
0.007426 
0.022273 
0.047785 
0.065243 
0.047785 
0.022273 
0.007426 
0.001902 
0.000383 
0.000000 
0.000000 
0.000000 
0.000000 
0.000000 
0.000000 
0.000000 
0.000000 
0.000000 
0.000000 
0.000000 
0.000000 
0.000002 
0.000017 
0.000099 
0.000483 
0.001902 
0.005754 
0.012431 
0.017039 
0.012431 
0.005754 
0.001902 
0.000483 
0.000096 
0.000000 
0.000000 
0.000000 
0.000000 
0.000000 
0.000000 
0.000000 
0.000000 
0.000000 
0.000000 
0.000000 
0.000000 
0.000000 
0.000003 
0.000020 
0.000096 
0.000383 
0.001170 
0.002545 
0.003502 
0.002545 
0.001170 
0.000383 
0.000096 
0.000019 
