25.000000 25.000000 1.000000
0.000006 
0.000038 
0.000169 
0.000534 
0.000966 
0.000534 
0.000169 
0.000038 
0.000006 
0.000001 
0.000000 
0.000000 
0.000000 
0.000000 
0.000000 
0.000000 
0.000000 
0.000000 
0.000000 
0.000000 
0.000000 
0.000000 
0.000000 
0.000000 
0.000000 
0.000038 
0.000226 
0.001031 
0.003306 
0.006072 
0.003306 
0.001031 
0.000226 
0.000038 
0.000005 
0.000001 
0.000000 
0.000000 
0.000000 
0.000000 
0.000000 
0.000000 
0.000000 
0.000000 
0.000000 
0.000000 
0.000000 
0.000000 
0.000000 
0.000000 
0.000169 
0.001031 
0.004793 
0.015667 
0.029277 
0.015667 
0.004793 
0.001032 
0.000172 
0.000024 
0.000003 
0.000000 
0.000000 
0.000000 
0.000000 
0.000000 
0.000000 
0.000000 
0.000000 
0.000000 
0.000000 
0.000000 
0.000000 
0.000000 
0.000000 
0.000534 
0.003306 
0.015667 
0.052275 
0.099333 
0.052275 
0.015667 
0.003306 
0.000542 
0.000073 
0.000008 
0.000001 
0.000000 
0.000000 
0.000000 
0.000000 
0.000000 
0.000000 
0.000000 
0.000000 
0.000000 
0.000000 
0.000000 
0.000000 
0.000000 
0.000966 
0.006072 
0.029277 
0.099333 
0.191234 
0.099333 
0.029277 
0.006073 
0.000981 
0.000130 
0.000015 
0.000001 
0.000000 
0.000000 
0.000000 
0.000000 
0.000000 
0.000000 
0.000000 
0.000000 
0.000000 
0.000000 
0.000000 
0.000000 
0.000000 
0.000534 
0.003306 
0.015667 
0.052275 
0.099333 
0.052275 
0.015667 
0.003306 
0.000542 
0.000073 
0.000008 
0.000001 
0.000000 
0.000000 
0.000000 
0.000000 
0.000000 
0.000000 
0.000000 
0.000000 
0.000000 
0.000000 
0.000000 
0.000000 
0.000000 
0.000169 
0.001031 
0.004793 
0.015667 
0.029277 
0.015667 
0.004793 
0.001032 
0.000172 
0.000024 
0.000003 
0.000000 
0.000000 
0.000000 
0.000000 
0.000000 
0.000000 
0.000000 
0.000000 
0.000000 
0.000000 
0.000000 
0.000000 
0.000000 
0.000000 
0.000038 
0.000226 
0.001032 
0.003306 
0.006073 
0.003306 
0.001032 
0.000226 
0.000038 
0.000005 
0.000001 
0.000000 
0.000000 
0.000000 
0.000000 
0.000000 
0.000000 
0.000000 
0.000000 
0.000000 
0.000000 
0.000000 
0.000000 
0.000000 
0.000000 
0.000006 
0.000038 
0.000172 
0.000542 
0.000981 
0.000542 
0.000172 
0.000038 
0.000007 
0.000001 
0.000000 
0.000000 
0.000000 
0.000000 
0.000000 
0.000000 
0.000000 
0.000000 
0.000000 
0.000000 
0.000000 
0.000000 
0.000000 
0.000000 
0.000000 
0.000001 
0.000005 
0.000024 
0.000073 
0.000130 
0.000073 
0.000024 
0.000005 
0.000001 
0.000000 
0.000000 
0.000000 
0.000000 
0.000000 
0.000000 
0.000000 
0.000000 
0.000000 
0.000000 
0.000000 
0.000000 
0.000000 
0.000000 
0.000000 
0.000000 
0.000000 
0.000001 
0.000003 
0.000008 
0.000015 
0.000008 
0.000003 
0.000001 
0.000000 
0.000000 
0.000000 
0.000000 
0.000000 
0.000000 
0.000000 
0.000000 
0.000000 
0.000000 
0.000000 
0.000000 
0.000000 
0.000000 
0.000000 
0.000000 
0.000000 
0.000000 
0.000000 
0.000000 
0.000001 
0.000001 
0.000001 
0.000000 
0.000000 
0.000000 
0.000000 
0.000000 
0.000000 
0.000000 
0.000000 
0.000000 
0.000000 
0.000000 
0.000001 
0.000003 
0.000005 
0.000003 
0.000001 
0.000000 
0.000000 
0.000000 
0.000000 
0.000000 
0.000000 
0.000000 
0.000000 
0.000000 
0.000000 
0.000000 
0.000000 
0.000000 
0.000000 
0.000000 
0.000000 
0.000000 
0.000000 
0.000001 
0.000003 
0.000013 
0.000033 
0.000051 
0.000033 
0.000013 
0.000003 
0.000001 
0.000000 
0.000000 
0.000000 
0.000000 
0.000000 
0.000000 
0.000000 
0.000000 
0.000000 
0.000000 
0.000000 
0.000000 
0.000000 
0.000000 
0.000000 
0.000001 
0.000006 
0.000028 
0.000105 
0.000274 
0.000422 
0.000274 
0.000105 
0.000028 
0.000006 
0.000001 
0.000000 
0.000000 
0.000000 
0.000000 
0.000000 
0.000000 
0.000000 
0.000000 
0.000000 
0.000000 
0.000000 
0.000000 
0.000000 
0.000001 
0.000007 
0.000041 
0.000202 
0.000750 
0.001932 
0.002951 
0.001932 
0.000750 
0.000202 
0.000041 
0.000007 
0.000000 
0.000000 
0.000000 
0.000000 
0.000000 
0.000000 
0.000000 
0.000000 
0.000000 
0.000000 
0.000000 
0.000000 
0.000001 
0.000006 
0.000041 
0.000250 
0.001210 
0.004428 
0.011279 
0.017109 
0.011279 
0.004428 
0.001210 
0.000250 
0.000041 
0.000000 
0.000000 
0.000000 
0.000000 
0.000000 
0.000000 
0.000000 
0.000000 
0.000000 
0.000000 
0.000000 
0.000000 
0.000003 
0.000028 
0.000202 
0.001210 
0.005773 
0.020888 
0.052655 
0.079344 
0.052655 
0.020888 
0.005773 
0.001209 
0.000199 
0.000000 
0.000000 
0.000000 
0.000000 
0.000000 
0.000000 
0.000000 
0.000000 
0.000000 
0.000000 
0.000000 
0.000001 
0.000013 
0.000105 
0.000750 
0.004428 
0.020888 
0.074750 
0.186644 
0.279543 
0.186644 
0.074750 
0.020888 
0.004427 
0.000738 
0.000000 
0.000000 
0.000000 
0.000000 
0.000000 
0.000000 
0.000000 
0.000000 
0.000000 
0.000000 
0.000000 
0.000003 
0.000033 
0.000274 
0.001932 
0.011279 
0.052655 
0.186644 
0.462240 
0.688769 
0.462240 
0.186644 
0.052654 
0.011275 
0.001899 
0.000000 
0.000000 
0.000000 
0.000000 
0.000000 
0.000000 
0.000000 
0.000000 
0.000000 
0.000000 
0.000000 
0.000005 
0.000051 
0.000422 
0.002951 
0.017109 
0.079344 
0.279543 
0.688769 
1.023105 
0.688769 
0.279543 
0.079343 
0.017104 
0.002900 
0.000000 
0.000000 
0.000000 
0.000000 
0.000000 
0.000000 
0.000000 
0.000000 
0.000000 
0.000000 
0.000000 
0.000003 
0.000033 
0.000274 
0.001932 
0.011279 
0.052655 
0.186644 
0.462240 
0.688769 
0.462240 
0.186644 
0.052654 
0.011275 
0.001899 
0.000000 
0.000000 
0.000000 
0.000000 
0.000000 
0.000000 
0.000000 
0.000000 
0.000000 
0.000000 
0.000000 
0.000001 
0.000013 
0.000105 
0.000750 
0.004428 
0.020888 
0.074750 
0.186644 
0.279543 
0.186644 
0.074750 
0.020888 
0.004427 
0.000738 
0.000000 
0.000000 
0.000000 
0.000000 
0.000000 
0.000000 
0.000000 
0.000000 
0.000000 
0.000000 
0.000000 
0.000000 
0.000003 
0.000028 
0.000202 
0.001210 
0.005773 
0.020888 
0.052654 
0.079343 
0.052654 
0.020888 
0.005773 
0.001209 
0.000199 
0.000000 
0.000000 
0.000000 
0.000000 
0.000000 
0.000000 
0.000000 
0.000000 
0.000000 
0.000000 
0.000000 
0.000000 
0.000001 
0.000006 
0.000041 
0.000250 
0.001209 
0.004427 
0.011275 
0.017104 
0.011275 
0.004427 
0.001209 
0.000250 
0.000041 
0.000000 
0.000000 
0.000000 
0.000000 
0.000000 
0.000000 
0.000000 
0.000000 
0.000000 
0.000000 
0.000000 
0.000000 
0.000000 
0.000001 
0.000007 
0.000041 
0.000199 
0.000738 
0.001899 
0.002900 
0.001899 
0.000738 
0.000199 
0.000041 
0.000007 
