25.000000 25.000000 1.000000
0.000024 
0.000111 
0.000392 
0.000990 
0.001526 
0.000990 
0.000392 
0.000111 
0.000025 
0.000005 
0.000001 
0.000000 
0.000000 
0.000000 
0.000000 
0.000000 
0.000000 
0.000000 
0.000000 
0.000000 
0.000000 
0.000000 
0.000000 
0.000000 
0.000000 
0.000111 
0.000523 
0.001873 
0.004826 
0.007548 
0.004826 
0.001874 
0.000523 
0.000115 
0.000021 
0.000003 
0.000000 
0.000000 
0.000000 
0.000000 
0.000000 
0.000000 
0.000000 
0.000000 
0.000000 
0.000000 
0.000000 
0.000000 
0.000000 
0.000000 
0.000392 
0.001873 
0.006862 
0.018051 
0.028658 
0.018051 
0.006862 
0.001875 
0.000403 
0.000072 
0.000011 
0.000001 
0.000000 
0.000000 
0.000000 
0.000000 
0.000000 
0.000000 
0.000000 
0.000000 
0.000000 
0.000000 
0.000000 
0.000000 
0.000000 
0.000990 
0.004826 
0.018051 
0.048424 
0.077934 
0.048424 
0.018051 
0.004830 
0.001016 
0.000177 
0.000027 
0.000003 
0.000000 
0.000000 
0.000000 
0.000000 
0.000000 
0.000000 
0.000000 
0.000000 
0.000000 
0.000000 
0.000000 
0.000000 
0.000000 
0.001526 
0.007548 
0.028658 
0.077934 
0.126586 
0.077934 
0.028659 
0.007553 
0.001566 
0.000269 
0.000040 
0.000005 
0.000001 
0.000000 
0.000000 
0.000000 
0.000000 
0.000000 
0.000000 
0.000000 
0.000000 
0.000000 
0.000000 
0.000000 
0.000000 
0.000990 
0.004826 
0.018051 
0.048424 
0.077934 
0.048424 
0.018051 
0.004830 
0.001016 
0.000177 
0.000027 
0.000003 
0.000000 
0.000000 
0.000000 
0.000000 
0.000000 
0.000000 
0.000000 
0.000000 
0.000000 
0.000000 
0.000000 
0.000000 
0.000000 
0.000392 
0.001874 
0.006862 
0.018051 
0.028659 
0.018051 
0.006862 
0.001875 
0.000403 
0.000072 
0.000011 
0.000001 
0.000000 
0.000000 
0.000000 
0.000000 
0.000000 
0.000000 
0.000000 
0.000000 
0.000000 
0.000000 
0.000000 
0.000000 
0.000000 
0.000111 
0.000523 
0.001875 
0.004830 
0.007553 
0.004830 
0.001875 
0.000523 
0.000115 
0.000021 
0.000003 
0.000000 
0.000000 
0.000000 
0.000000 
0.000000 
0.000000 
0.000000 
0.000000 
0.000000 
0.000000 
0.000000 
0.000000 
0.000000 
0.000000 
0.000025 
0.000115 
0.000403 
0.001016 
0.001566 
0.001016 
0.000403 
0.000115 
0.000026 
0.000005 
0.000001 
0.000000 
0.000000 
0.000000 
0.000000 
0.000000 
0.000000 
0.000000 
0.000000 
0.000000 
0.000000 
0.000000 
0.000000 
0.000000 
0.000000 
0.000005 
0.000021 
0.000072 
0.000177 
0.000269 
0.000177 
0.000072 
0.000021 
0.000005 
0.000001 
0.000000 
0.000000 
0.000000 
0.000000 
0.000000 
0.000000 
0.000000 
0.000000 
0.000000 
0.000000 
0.000000 
0.000000 
0.000000 
0.000000 
0.000000 
0.000001 
0.000003 
0.000011 
0.000027 
0.000040 
0.000027 
0.000011 
0.000003 
0.000001 
0.000000 
0.000000 
0.000000 
0.000000 
0.000000 
0.000000 
0.000000 
0.000000 
0.000001 
0.000001 
0.000002 
0.000001 
0.000001 
0.000000 
0.000000 
0.000000 
0.000000 
0.000000 
0.000001 
0.000003 
0.000005 
0.000003 
0.000001 
0.000000 
0.000000 
0.000000 
0.000000 
0.000000 
0.000000 
0.000000 
0.000000 
0.000001 
0.000002 
0.000006 
0.000012 
0.000016 
0.000012 
0.000006 
0.000002 
0.000001 
0.000000 
0.000000 
0.000000 
0.000000 
0.000000 
0.000001 
0.000000 
0.000000 
0.000000 
0.000000 
0.000000 
0.000000 
0.000000 
0.000000 
0.000000 
0.000001 
0.000004 
0.000014 
0.000041 
0.000085 
0.000114 
0.000085 
0.000041 
0.000014 
0.000004 
0.000001 
0.000000 
0.000000 
0.000000 
0.000000 
0.000000 
0.000000 
0.000000 
0.000000 
0.000000 
0.000000 
0.000000 
0.000000 
0.000000 
0.000001 
0.000005 
0.000024 
0.000088 
0.000254 
0.000527 
0.000705 
0.000527 
0.000254 
0.000088 
0.000024 
0.000005 
0.000000 
0.000000 
0.000000 
0.000000 
0.000000 
0.000000 
0.000000 
0.000000 
0.000000 
0.000000 
0.000000 
0.000000 
0.000001 
0.000005 
0.000028 
0.000128 
0.000475 
0.001356 
0.002794 
0.003729 
0.002794 
0.001356 
0.000475 
0.000128 
0.000027 
0.000000 
0.000000 
0.000000 
0.000000 
0.000000 
0.000000 
0.000000 
0.000000 
0.000000 
0.000000 
0.000000 
0.000001 
0.000004 
0.000024 
0.000128 
0.000582 
0.002135 
0.006053 
0.012391 
0.016480 
0.012391 
0.006053 
0.002135 
0.000581 
0.000125 
0.000000 
0.000000 
0.000000 
0.000000 
0.000000 
0.000000 
0.000000 
0.000000 
0.000000 
0.000000 
0.000000 
0.000002 
0.000014 
0.000088 
0.000475 
0.002135 
0.007770 
0.021869 
0.044500 
0.058999 
0.044500 
0.021869 
0.007770 
0.002133 
0.000461 
0.000000 
0.000000 
0.000000 
0.000000 
0.000000 
0.000000 
0.000000 
0.000000 
0.000000 
0.000000 
0.000001 
0.000006 
0.000041 
0.000254 
0.001356 
0.006053 
0.021869 
0.061149 
0.123782 
0.163673 
0.123782 
0.061149 
0.021868 
0.006048 
0.001316 
0.000000 
0.000000 
0.000000 
0.000000 
0.000000 
0.000000 
0.000000 
0.000000 
0.000000 
0.000000 
0.000001 
0.000012 
0.000085 
0.000527 
0.002794 
0.012391 
0.044500 
0.123782 
0.249548 
0.329310 
0.249548 
0.123782 
0.044499 
0.012379 
0.002709 
0.000000 
0.000000 
0.000000 
0.000000 
0.000000 
0.000000 
0.000000 
0.000000 
0.000000 
0.000000 
0.000002 
0.000016 
0.000114 
0.000705 
0.003729 
0.016480 
0.058999 
0.163673 
0.329310 
0.434172 
0.329310 
0.163672 
0.058997 
0.016464 
0.003615 
0.000000 
0.000000 
0.000000 
0.000000 
0.000000 
0.000000 
0.000000 
0.000000 
0.000000 
0.000000 
0.000001 
0.000012 
0.000085 
0.000527 
0.002794 
0.012391 
0.044500 
0.123782 
0.249548 
0.329310 
0.249548 
0.123782 
0.044499 
0.012379 
0.002709 
0.000000 
0.000000 
0.000000 
0.000000 
0.000000 
0.000000 
0.000000 
0.000000 
0.000000 
0.000000 
0.000001 
0.000006 
0.000041 
0.000254 
0.001356 
0.006053 
0.021869 
0.061149 
0.123782 
0.163672 
0.123782 
0.061149 
0.021868 
0.006048 
0.001316 
0.000000 
0.000000 
0.000000 
0.000000 
0.000000 
0.000000 
0.000000 
0.000000 
0.000000 
0.000000 
0.000000 
0.000002 
0.000014 
0.000088 
0.000475 
0.002135 
0.007770 
0.021868 
0.044499 
0.058997 
0.044499 
0.021868 
0.007769 
0.002133 
0.000461 
0.000000 
0.000000 
0.000000 
0.000000 
0.000000 
0.000000 
0.000000 
0.000000 
0.000000 
0.000000 
0.000000 
0.000001 
0.000004 
0.000024 
0.000128 
0.000581 
0.002133 
0.006048 
0.012379 
0.016464 
0.012379 
0.006048 
0.002133 
0.000581 
0.000124 
0.000000 
0.000000 
0.000000 
0.000000 
0.000000 
0.000000 
0.000000 
0.000000 
0.000000 
0.000000 
0.000000 
0.000000 
0.000001 
0.000005 
0.000027 
0.000125 
0.000461 
0.001316 
0.002709 
0.003615 
0.002709 
0.001316 
0.000461 
0.000124 
0.000026 
