25.000000 25.000000 1.000000
0.000009 
0.000050 
0.000211 
0.000630 
0.001093 
0.000630 
0.000211 
0.000050 
0.000009 
0.000001 
0.000000 
0.000000 
0.000000 
0.000000 
0.000000 
0.000000 
0.000000 
0.000000 
0.000000 
0.000000 
0.000000 
0.000000 
0.000000 
0.000000 
0.000000 
0.000050 
0.000281 
0.001211 
0.003680 
0.006489 
0.003680 
0.001211 
0.000282 
0.000051 
0.000007 
0.000001 
0.000000 
0.000000 
0.000000 
0.000000 
0.000000 
0.000000 
0.000000 
0.000000 
0.000000 
0.000000 
0.000000 
0.000000 
0.000000 
0.000000 
0.000211 
0.001211 
0.005314 
0.016477 
0.029548 
0.016477 
0.005314 
0.001212 
0.000215 
0.000031 
0.000004 
0.000000 
0.000000 
0.000000 
0.000000 
0.000000 
0.000000 
0.000000 
0.000000 
0.000000 
0.000000 
0.000000 
0.000000 
0.000000 
0.000000 
0.000630 
0.003680 
0.016477 
0.052148 
0.095045 
0.052148 
0.016477 
0.003681 
0.000641 
0.000092 
0.000011 
0.000001 
0.000000 
0.000000 
0.000000 
0.000000 
0.000000 
0.000000 
0.000000 
0.000000 
0.000000 
0.000000 
0.000000 
0.000000 
0.000000 
0.001093 
0.006489 
0.029548 
0.095045 
0.175365 
0.095045 
0.029548 
0.006491 
0.001112 
0.000157 
0.000019 
0.000002 
0.000000 
0.000000 
0.000000 
0.000000 
0.000000 
0.000000 
0.000000 
0.000000 
0.000000 
0.000000 
0.000000 
0.000000 
0.000000 
0.000630 
0.003680 
0.016477 
0.052148 
0.095045 
0.052148 
0.016477 
0.003681 
0.000641 
0.000092 
0.000011 
0.000001 
0.000000 
0.000000 
0.000000 
0.000000 
0.000000 
0.000000 
0.000000 
0.000000 
0.000000 
0.000000 
0.000000 
0.000000 
0.000000 
0.000211 
0.001211 
0.005314 
0.016477 
0.029548 
0.016477 
0.005314 
0.001212 
0.000215 
0.000031 
0.000004 
0.000000 
0.000000 
0.000000 
0.000000 
0.000000 
0.000000 
0.000000 
0.000000 
0.000000 
0.000000 
0.000000 
0.000000 
0.000000 
0.000000 
0.000050 
0.000282 
0.001212 
0.003681 
0.006491 
0.003681 
0.001212 
0.000282 
0.000051 
0.000007 
0.000001 
0.000000 
0.000000 
0.000000 
0.000000 
0.000000 
0.000000 
0.000000 
0.000000 
0.000000 
0.000000 
0.000000 
0.000000 
0.000000 
0.000000 
0.000009 
0.000051 
0.000215 
0.000641 
0.001112 
0.000641 
0.000215 
0.000051 
0.000009 
0.000001 
0.000000 
0.000000 
0.000000 
0.000000 
0.000000 
0.000000 
0.000000 
0.000000 
0.000000 
0.000000 
0.000000 
0.000000 
0.000000 
0.000000 
0.000000 
0.000001 
0.000007 
0.000031 
0.000092 
0.000157 
0.000092 
0.000031 
0.000007 
0.000001 
0.000000 
0.000000 
0.000000 
0.000000 
0.000000 
0.000000 
0.000000 
0.000000 
0.000000 
0.000000 
0.000000 
0.000000 
0.000000 
0.000000 
0.000000 
0.000000 
0.000000 
0.000001 
0.000004 
0.000011 
0.000019 
0.000011 
0.000004 
0.000001 
0.000000 
0.000000 
0.000000 
0.000000 
0.000000 
0.000000 
0.000000 
0.000000 
0.000000 
0.000000 
0.000000 
0.000001 
0.000000 
0.000000 
0.000000 
0.000000 
0.000000 
0.000000 
0.000000 
0.000000 
0.000001 
0.000002 
0.000001 
0.000000 
0.000000 
0.000000 
0.000000 
0.000000 
0.000000 
0.000000 
0.000000 
0.000000 
0.000000 
0.000001 
0.000002 
0.000005 
0.000007 
0.000005 
0.000002 
0.000001 
0.000000 
0.000000 
0.000000 
0.000000 
0.000000 
0.000000 
0.000000 
0.000000 
0.000000 
0.000000 
0.000000 
0.000000 
0.000000 
0.000000 
0.000000 
0.000000 
0.000000 
0.000001 
0.000005 
0.000017 
0.000042 
0.000063 
0.000042 
0.000017 
0.000005 
0.000001 
0.000000 
0.000000 
0.000000 
0.000000 
0.000000 
0.000000 
0.000000 
0.000000 
0.000000 
0.000000 
0.000000 
0.000000 
0.000000 
0.000000 
0.000000 
0.000001 
0.000008 
0.000038 
0.000133 
0.000328 
0.000487 
0.000328 
0.000133 
0.000038 
0.000008 
0.000001 
0.000000 
0.000000 
0.000000 
0.000000 
0.000000 
0.000000 
0.000000 
0.000000 
0.000000 
0.000000 
0.000000 
0.000000 
0.000000 
0.000001 
0.000010 
0.000056 
0.000255 
0.000888 
0.002163 
0.003188 
0.002163 
0.000888 
0.000255 
0.000056 
0.000010 
0.000000 
0.000000 
0.000000 
0.000000 
0.000000 
0.000000 
0.000000 
0.000000 
0.000000 
0.000000 
0.000000 
0.000000 
0.000001 
0.000008 
0.000056 
0.000315 
0.001425 
0.004904 
0.011830 
0.017331 
0.011830 
0.004904 
0.001425 
0.000315 
0.000055 
0.000000 
0.000000 
0.000000 
0.000000 
0.000000 
0.000000 
0.000000 
0.000000 
0.000000 
0.000000 
0.000000 
0.000001 
0.000005 
0.000038 
0.000255 
0.001425 
0.006373 
0.021698 
0.051872 
0.075558 
0.051872 
0.021698 
0.006373 
0.001424 
0.000250 
0.000000 
0.000000 
0.000000 
0.000000 
0.000000 
0.000000 
0.000000 
0.000000 
0.000000 
0.000000 
0.000000 
0.000002 
0.000017 
0.000133 
0.000888 
0.004904 
0.021698 
0.073151 
0.173409 
0.251301 
0.173409 
0.073151 
0.021698 
0.004902 
0.000871 
0.000000 
0.000000 
0.000000 
0.000000 
0.000000 
0.000000 
0.000000 
0.000000 
0.000000 
0.000000 
0.000000 
0.000005 
0.000042 
0.000328 
0.002163 
0.011830 
0.051872 
0.173409 
0.408171 
0.589008 
0.408171 
0.173409 
0.051871 
0.011825 
0.002121 
0.000000 
0.000000 
0.000000 
0.000000 
0.000000 
0.000000 
0.000000 
0.000000 
0.000000 
0.000000 
0.000001 
0.000007 
0.000063 
0.000487 
0.003188 
0.017331 
0.075558 
0.251301 
0.589008 
0.847877 
0.589008 
0.251301 
0.075557 
0.017323 
0.003125 
0.000000 
0.000000 
0.000000 
0.000000 
0.000000 
0.000000 
0.000000 
0.000000 
0.000000 
0.000000 
0.000000 
0.000005 
0.000042 
0.000328 
0.002163 
0.011830 
0.051872 
0.173409 
0.408171 
0.589008 
0.408171 
0.173409 
0.051871 
0.011825 
0.002121 
0.000000 
0.000000 
0.000000 
0.000000 
0.000000 
0.000000 
0.000000 
0.000000 
0.000000 
0.000000 
0.000000 
0.000002 
0.000017 
0.000133 
0.000888 
0.004904 
0.021698 
0.073151 
0.173409 
0.251301 
0.173409 
0.073151 
0.021698 
0.004902 
0.000871 
0.000000 
0.000000 
0.000000 
0.000000 
0.000000 
0.000000 
0.000000 
0.000000 
0.000000 
0.000000 
0.000000 
0.000001 
0.000005 
0.000038 
0.000255 
0.001425 
0.006373 
0.021698 
0.051871 
0.075557 
0.051871 
0.021698 
0.006373 
0.001424 
0.000250 
0.000000 
0.000000 
0.000000 
0.000000 
0.000000 
0.000000 
0.000000 
0.000000 
0.000000 
0.000000 
0.000000 
0.000000 
0.000001 
0.000008 
0.000056 
0.000315 
0.001424 
0.004902 
0.011825 
0.017323 
0.011825 
0.004902 
0.001424 
0.000315 
0.000055 
0.000000 
0.000000 
0.000000 
0.000000 
0.000000 
0.000000 
0.000000 
0.000000 
0.000000 
0.000000 
0.000000 
0.000000 
0.000000 
0.000001 
0.000010 
0.000055 
0.000250 
0.000871 
0.002121 
0.003125 
0.002121 
0.000871 
0.000250 
0.000055 
0.000009 
