25.000000 25.000000 1.000000
0.000028 
0.000217 
0.001270 
0.005016 
0.010659 
0.005016 
0.001270 
0.000217 
0.000028 
0.000003 
0.000000 
0.000000 
0.000000 
0.000000 
0.000000 
0.000000 
0.000000 
0.000000 
0.000000 
0.000000 
0.000000 
0.000000 
0.000000 
0.000000 
0.000000 
0.000217 
0.001693 
0.009818 
0.038437 
0.081055 
0.038437 
0.009818 
0.001693 
0.000219 
0.000023 
0.000002 
0.000000 
0.000000 
0.000000 
0.000000 
0.000000 
0.000000 
0.000000 
0.000000 
0.000000 
0.000000 
0.000000 
0.000000 
0.000000 
0.000000 
0.001270 
0.009818 
0.056401 
0.218793 
0.457790 
0.218793 
0.056401 
0.009818 
0.001281 
0.000133 
0.000011 
0.000001 
0.000000 
0.000000 
0.000000 
0.000000 
0.000000 
0.000000 
0.000000 
0.000000 
0.000000 
0.000000 
0.000000 
0.000000 
0.000000 
0.005016 
0.038437 
0.218793 
0.841218 
1.746987 
0.841218 
0.218793 
0.038440 
0.005062 
0.000530 
0.000046 
0.000003 
0.000000 
0.000000 
0.000000 
0.000000 
0.000000 
0.000000 
0.000000 
0.000000 
0.000000 
0.000000 
0.000000 
0.000000 
0.000000 
0.010659 
0.081055 
0.457790 
1.746987 
3.605593 
1.746987 
0.457790 
0.081062 
0.010759 
0.001136 
0.000099 
0.000007 
0.000000 
0.000000 
0.000000 
0.000000 
0.000000 
0.000000 
0.000000 
0.000000 
0.000000 
0.000000 
0.000000 
0.000000 
0.000000 
0.005016 
0.038437 
0.218793 
0.841218 
1.746987 
0.841218 
0.218793 
0.038440 
0.005062 
0.000530 
0.000046 
0.000003 
0.000000 
0.000000 
0.000000 
0.000000 
0.000000 
0.000000 
0.000000 
0.000000 
0.000000 
0.000000 
0.000000 
0.000000 
0.000000 
0.001270 
0.009818 
0.056401 
0.218793 
0.457790 
0.218793 
0.056401 
0.009818 
0.001281 
0.000133 
0.000011 
0.000001 
0.000000 
0.000000 
0.000000 
0.000000 
0.000000 
0.000000 
0.000000 
0.000000 
0.000000 
0.000000 
0.000000 
0.000000 
0.000000 
0.000217 
0.001693 
0.009818 
0.038440 
0.081062 
0.038440 
0.009818 
0.001693 
0.000219 
0.000023 
0.000002 
0.000000 
0.000000 
0.000000 
0.000000 
0.000000 
0.000000 
0.000000 
0.000000 
0.000000 
0.000000 
0.000000 
0.000000 
0.000000 
0.000000 
0.000028 
0.000219 
0.001281 
0.005062 
0.010759 
0.005062 
0.001281 
0.000219 
0.000028 
0.000003 
0.000000 
0.000000 
0.000000 
0.000000 
0.000000 
0.000000 
0.000000 
0.000000 
0.000000 
0.000000 
0.000000 
0.000000 
0.000000 
0.000000 
0.000000 
0.000003 
0.000023 
0.000133 
0.000530 
0.001136 
0.000530 
0.000133 
0.000023 
0.000003 
0.000000 
0.000000 
0.000000 
0.000000 
0.000000 
0.000000 
0.000000 
0.000000 
0.000000 
0.000000 
0.000000 
0.000000 
0.000000 
0.000000 
0.000000 
0.000000 
0.000000 
0.000002 
0.000011 
0.000046 
0.000099 
0.000046 
0.000011 
0.000002 
0.000000 
0.000000 
0.000000 
0.000000 
0.000000 
0.000000 
0.000000 
0.000000 
0.000000 
0.000000 
0.000000 
0.000000 
0.000000 
0.000000 
0.000000 
0.000000 
0.000000 
0.000000 
0.000000 
0.000001 
0.000003 
0.000007 
0.000003 
0.000001 
0.000000 
0.000000 
0.000000 
0.000000 
0.000000 
0.000000 
0.000000 
0.000000 
0.000000 
0.000000 
0.000000 
0.000000 
0.000001 
0.000000 
0.000000 
0.000000 
0.000000 
0.000000 
0.000000 
0.000000 
0.000000 
0.000000 
0.000000 
0.000000 
0.000000 
0.000000 
0.000000 
0.000000 
0.000000 
0.000000 
0.000000 
0.000000 
0.000000 
0.000000 
0.000000 
0.000002 
0.000005 
0.000007 
0.000005 
0.000002 
0.000000 
0.000000 
0.000000 
0.000000 
0.000000 
0.000000 
0.000000 
0.000000 
0.000000 
0.000000 
0.000000 
0.000000 
0.000000 
0.000000 
0.000000 
0.000000 
0.000000 
0.000000 
0.000001 
0.000004 
0.000015 
0.000039 
0.000060 
0.000039 
0.000015 
0.000004 
0.000001 
0.000000 
0.000000 
0.000000 
0.000000 
0.000000 
0.000000 
0.000000 
0.000000 
0.000000 
0.000000 
0.000000 
0.000000 
0.000000 
0.000000 
0.000000 
0.000001 
0.000006 
0.000028 
0.000105 
0.000279 
0.000442 
0.000279 
0.000105 
0.000028 
0.000006 
0.000001 
0.000000 
0.000000 
0.000000 
0.000000 
0.000000 
0.000000 
0.000000 
0.000000 
0.000000 
0.000000 
0.000000 
0.000000 
0.000000 
0.000001 
0.000006 
0.000035 
0.000170 
0.000640 
0.001723 
0.002774 
0.001723 
0.000640 
0.000170 
0.000035 
0.000006 
0.000000 
0.000000 
0.000000 
0.000000 
0.000000 
0.000000 
0.000000 
0.000000 
0.000000 
0.000000 
0.000000 
0.000000 
0.000000 
0.000004 
0.000028 
0.000170 
0.000836 
0.003212 
0.008812 
0.014410 
0.008812 
0.003212 
0.000836 
0.000170 
0.000028 
0.000000 
0.000000 
0.000000 
0.000000 
0.000000 
0.000000 
0.000000 
0.000000 
0.000000 
0.000000 
0.000000 
0.000000 
0.000002 
0.000015 
0.000105 
0.000640 
0.003212 
0.012605 
0.035317 
0.058684 
0.035317 
0.012605 
0.003212 
0.000640 
0.000104 
0.000000 
0.000000 
0.000000 
0.000000 
0.000000 
0.000000 
0.000000 
0.000000 
0.000000 
0.000000 
0.000000 
0.000000 
0.000005 
0.000039 
0.000279 
0.001723 
0.008812 
0.035317 
0.100970 
0.170274 
0.100970 
0.035317 
0.008812 
0.001722 
0.000274 
0.000000 
0.000000 
0.000000 
0.000000 
0.000000 
0.000000 
0.000000 
0.000000 
0.000000 
0.000000 
0.000000 
0.000001 
0.000007 
0.000060 
0.000442 
0.002774 
0.014410 
0.058684 
0.170274 
0.290160 
0.170274 
0.058684 
0.014410 
0.002773 
0.000435 
0.000000 
0.000000 
0.000000 
0.000000 
0.000000 
0.000000 
0.000000 
0.000000 
0.000000 
0.000000 
0.000000 
0.000000 
0.000005 
0.000039 
0.000279 
0.001723 
0.008812 
0.035317 
0.100970 
0.170274 
0.100970 
0.035317 
0.008812 
0.001722 
0.000274 
0.000000 
0.000000 
0.000000 
0.000000 
0.000000 
0.000000 
0.000000 
0.000000 
0.000000 
0.000000 
0.000000 
0.000000 
0.000002 
0.000015 
0.000105 
0.000640 
0.003212 
0.012605 
0.035317 
0.058684 
0.035317 
0.012605 
0.003212 
0.000640 
0.000104 
0.000000 
0.000000 
0.000000 
0.000000 
0.000000 
0.000000 
0.000000 
0.000000 
0.000000 
0.000000 
0.000000 
0.000000 
0.000000 
0.000004 
0.000028 
0.000170 
0.000836 
0.003212 
0.008812 
0.014410 
0.008812 
0.003212 
0.000836 
0.000170 
0.000028 
0.000000 
0.000000 
0.000000 
0.000000 
0.000000 
0.000000 
0.000000 
0.000000 
0.000000 
0.000000 
0.000000 
0.000000 
0.000000 
0.000001 
0.000006 
0.000035 
0.000170 
0.000640 
0.001722 
0.002773 
0.001722 
0.000640 
0.000170 
0.000035 
0.000006 
0.000000 
0.000000 
0.000000 
0.000000 
0.000000 
0.000000 
0.000000 
0.000000 
0.000000 
0.000000 
0.000000 
0.000000 
0.000000 
0.000000 
0.000001 
0.000006 
0.000028 
0.000104 
0.000274 
0.000435 
0.000274 
0.000104 
0.000028 
0.000006 
0.000001 
