25.000000 25.000000 1.000000
0.000007 
0.000072 
0.000543 
0.002714 
0.007064 
0.002714 
0.000543 
0.000072 
0.000007 
0.000001 
0.000000 
0.000000 
0.000000 
0.000000 
0.000000 
0.000000 
0.000000 
0.000000 
0.000000 
0.000000 
0.000000 
0.000000 
0.000000 
0.000000 
0.000000 
0.000072 
0.000724 
0.005357 
0.026454 
0.068055 
0.026454 
0.005357 
0.000724 
0.000073 
0.000006 
0.000000 
0.000000 
0.000000 
0.000000 
0.000000 
0.000000 
0.000000 
0.000000 
0.000000 
0.000000 
0.000000 
0.000000 
0.000000 
0.000000 
0.000000 
0.000543 
0.005357 
0.039142 
0.190831 
0.485320 
0.190831 
0.039142 
0.005357 
0.000546 
0.000044 
0.000003 
0.000000 
0.000000 
0.000000 
0.000000 
0.000000 
0.000000 
0.000000 
0.000000 
0.000000 
0.000000 
0.000000 
0.000000 
0.000000 
0.000000 
0.002714 
0.026454 
0.190831 
0.918810 
2.310976 
0.918810 
0.190831 
0.026455 
0.002729 
0.000223 
0.000015 
0.000001 
0.000000 
0.000000 
0.000000 
0.000000 
0.000000 
0.000000 
0.000000 
0.000000 
0.000000 
0.000000 
0.000000 
0.000000 
0.000000 
0.007064 
0.068055 
0.485320 
2.310976 
5.756321 
2.310976 
0.485320 
0.068058 
0.007104 
0.000587 
0.000040 
0.000002 
0.000000 
0.000000 
0.000000 
0.000000 
0.000000 
0.000000 
0.000000 
0.000000 
0.000000 
0.000000 
0.000000 
0.000000 
0.000000 
0.002714 
0.026454 
0.190831 
0.918810 
2.310976 
0.918810 
0.190831 
0.026455 
0.002729 
0.000223 
0.000015 
0.000001 
0.000000 
0.000000 
0.000000 
0.000000 
0.000000 
0.000000 
0.000000 
0.000000 
0.000000 
0.000000 
0.000000 
0.000000 
0.000000 
0.000543 
0.005357 
0.039142 
0.190831 
0.485320 
0.190831 
0.039142 
0.005357 
0.000546 
0.000044 
0.000003 
0.000000 
0.000000 
0.000000 
0.000000 
0.000000 
0.000000 
0.000000 
0.000000 
0.000000 
0.000000 
0.000000 
0.000000 
0.000000 
0.000000 
0.000072 
0.000724 
0.005357 
0.026455 
0.068058 
0.026455 
0.005357 
0.000724 
0.000073 
0.000006 
0.000000 
0.000000 
0.000000 
0.000000 
0.000000 
0.000000 
0.000000 
0.000000 
0.000000 
0.000000 
0.000000 
0.000000 
0.000000 
0.000000 
0.000000 
0.000007 
0.000073 
0.000546 
0.002729 
0.007104 
0.002729 
0.000546 
0.000073 
0.000007 
0.000001 
0.000000 
0.000000 
0.000000 
0.000000 
0.000000 
0.000000 
0.000000 
0.000000 
0.000000 
0.000000 
0.000000 
0.000000 
0.000000 
0.000000 
0.000000 
0.000001 
0.000006 
0.000044 
0.000223 
0.000587 
0.000223 
0.000044 
0.000006 
0.000001 
0.000000 
0.000000 
0.000000 
0.000000 
0.000000 
0.000000 
0.000000 
0.000000 
0.000000 
0.000000 
0.000000 
0.000000 
0.000000 
0.000000 
0.000000 
0.000000 
0.000000 
0.000000 
0.000003 
0.000015 
0.000040 
0.000015 
0.000003 
0.000000 
0.000000 
0.000000 
0.000000 
0.000000 
0.000000 
0.000000 
0.000000 
0.000000 
0.000000 
0.000000 
0.000000 
0.000000 
0.000000 
0.000000 
0.000000 
0.000000 
0.000000 
0.000000 
0.000000 
0.000000 
0.000001 
0.000002 
0.000001 
0.000000 
0.000000 
0.000000 
0.000000 
0.000000 
0.000000 
0.000000 
0.000000 
0.000000 
0.000000 
0.000000 
0.000000 
0.000000 
0.000000 
0.000000 
0.000000 
0.000000 
0.000000 
0.000000 
0.000000 
0.000000 
0.000000 
0.000000 
0.000000 
0.000000 
0.000000 
0.000000 
0.000000 
0.000000 
0.000000 
0.000000 
0.000000 
0.000000 
0.000000 
0.000000 
0.000000 
0.000000 
0.000001 
0.000002 
0.000001 
0.000000 
0.000000 
0.000000 
0.000000 
0.000000 
0.000000 
0.000000 
0.000000 
0.000000 
0.000000 
0.000000 
0.000000 
0.000000 
0.000000 
0.000000 
0.000000 
0.000000 
0.000000 
0.000000 
0.000000 
0.000001 
0.000004 
0.000014 
0.000025 
0.000014 
0.000004 
0.000001 
0.000000 
0.000000 
0.000000 
0.000000 
0.000000 
0.000000 
0.000000 
0.000000 
0.000000 
0.000000 
0.000000 
0.000000 
0.000000 
0.000000 
0.000000 
0.000000 
0.000000 
0.000001 
0.000008 
0.000039 
0.000126 
0.000230 
0.000126 
0.000039 
0.000008 
0.000001 
0.000000 
0.000000 
0.000000 
0.000000 
0.000000 
0.000000 
0.000000 
0.000000 
0.000000 
0.000000 
0.000000 
0.000000 
0.000000 
0.000000 
0.000000 
0.000001 
0.000010 
0.000064 
0.000297 
0.000970 
0.001801 
0.000970 
0.000297 
0.000064 
0.000010 
0.000001 
0.000000 
0.000000 
0.000000 
0.000000 
0.000000 
0.000000 
0.000000 
0.000000 
0.000000 
0.000000 
0.000000 
0.000000 
0.000000 
0.000001 
0.000008 
0.000064 
0.000391 
0.001851 
0.006143 
0.011592 
0.006143 
0.001851 
0.000391 
0.000064 
0.000008 
0.000000 
0.000000 
0.000000 
0.000000 
0.000000 
0.000000 
0.000000 
0.000000 
0.000000 
0.000000 
0.000000 
0.000000 
0.000000 
0.000004 
0.000039 
0.000297 
0.001851 
0.008925 
0.030192 
0.057966 
0.030192 
0.008925 
0.001851 
0.000297 
0.000039 
0.000000 
0.000000 
0.000000 
0.000000 
0.000000 
0.000000 
0.000000 
0.000000 
0.000000 
0.000000 
0.000000 
0.000000 
0.000001 
0.000014 
0.000126 
0.000970 
0.006143 
0.030192 
0.104225 
0.203533 
0.104225 
0.030192 
0.006143 
0.000970 
0.000124 
0.000000 
0.000000 
0.000000 
0.000000 
0.000000 
0.000000 
0.000000 
0.000000 
0.000000 
0.000000 
0.000000 
0.000000 
0.000002 
0.000025 
0.000230 
0.001801 
0.011592 
0.057966 
0.203533 
0.402876 
0.203533 
0.057966 
0.011592 
0.001801 
0.000228 
0.000000 
0.000000 
0.000000 
0.000000 
0.000000 
0.000000 
0.000000 
0.000000 
0.000000 
0.000000 
0.000000 
0.000000 
0.000001 
0.000014 
0.000126 
0.000970 
0.006143 
0.030192 
0.104225 
0.203533 
0.104225 
0.030192 
0.006143 
0.000970 
0.000124 
0.000000 
0.000000 
0.000000 
0.000000 
0.000000 
0.000000 
0.000000 
0.000000 
0.000000 
0.000000 
0.000000 
0.000000 
0.000000 
0.000004 
0.000039 
0.000297 
0.001851 
0.008925 
0.030192 
0.057966 
0.030192 
0.008925 
0.001851 
0.000297 
0.000039 
0.000000 
0.000000 
0.000000 
0.000000 
0.000000 
0.000000 
0.000000 
0.000000 
0.000000 
0.000000 
0.000000 
0.000000 
0.000000 
0.000001 
0.000008 
0.000064 
0.000391 
0.001851 
0.006143 
0.011592 
0.006143 
0.001851 
0.000391 
0.000064 
0.000008 
0.000000 
0.000000 
0.000000 
0.000000 
0.000000 
0.000000 
0.000000 
0.000000 
0.000000 
0.000000 
0.000000 
0.000000 
0.000000 
0.000000 
0.000001 
0.000010 
0.000064 
0.000297 
0.000970 
0.001801 
0.000970 
0.000297 
0.000064 
0.000010 
0.000001 
0.000000 
0.000000 
0.000000 
0.000000 
0.000000 
0.000000 
0.000000 
0.000000 
0.000000 
0.000000 
0.000000 
0.000000 
0.000000 
0.000000 
0.000000 
0.000001 
0.000008 
0.000039 
0.000124 
0.000228 
0.000124 
0.000039 
0.000008 
0.000001 
0.000000 
