25.000000 25.000000 1.000000
0.000005 
0.000029 
0.000139 
0.000460 
0.000862 
0.000460 
0.000139 
0.000029 
0.000005 
0.000001 
0.000000 
0.000000 
0.000000 
0.000000 
0.000000 
0.000000 
0.000000 
0.000000 
0.000000 
0.000000 
0.000000 
0.000000 
0.000000 
0.000000 
0.000000 
0.000029 
0.000185 
0.000891 
0.002991 
0.005698 
0.002991 
0.000891 
0.000186 
0.000030 
0.000004 
0.000000 
0.000000 
0.000000 
0.000000 
0.000000 
0.000000 
0.000000 
0.000000 
0.000000 
0.000000 
0.000000 
0.000000 
0.000000 
0.000000 
0.000000 
0.000139 
0.000891 
0.004350 
0.014891 
0.028861 
0.014891 
0.004350 
0.000891 
0.000141 
0.000018 
0.000002 
0.000000 
0.000000 
0.000000 
0.000000 
0.000000 
0.000000 
0.000000 
0.000000 
0.000000 
0.000000 
0.000000 
0.000000 
0.000000 
0.000000 
0.000460 
0.002991 
0.014891 
0.052014 
0.102547 
0.052014 
0.014891 
0.002992 
0.000466 
0.000060 
0.000006 
0.000001 
0.000000 
0.000000 
0.000000 
0.000000 
0.000000 
0.000000 
0.000000 
0.000000 
0.000000 
0.000000 
0.000000 
0.000000 
0.000000 
0.000862 
0.005698 
0.028861 
0.102547 
0.204956 
0.102547 
0.028861 
0.005699 
0.000874 
0.000110 
0.000012 
0.000001 
0.000000 
0.000000 
0.000000 
0.000000 
0.000000 
0.000000 
0.000000 
0.000000 
0.000000 
0.000000 
0.000000 
0.000000 
0.000000 
0.000460 
0.002991 
0.014891 
0.052014 
0.102547 
0.052014 
0.014891 
0.002992 
0.000466 
0.000060 
0.000006 
0.000001 
0.000000 
0.000000 
0.000000 
0.000000 
0.000000 
0.000000 
0.000000 
0.000000 
0.000000 
0.000000 
0.000000 
0.000000 
0.000000 
0.000139 
0.000891 
0.004350 
0.014891 
0.028861 
0.014891 
0.004350 
0.000891 
0.000141 
0.000018 
0.000002 
0.000000 
0.000000 
0.000000 
0.000000 
0.000000 
0.000000 
0.000000 
0.000000 
0.000000 
0.000000 
0.000000 
0.000000 
0.000000 
0.000000 
0.000029 
0.000186 
0.000891 
0.002992 
0.005699 
0.002992 
0.000891 
0.000186 
0.000030 
0.000004 
0.000000 
0.000000 
0.000000 
0.000000 
0.000000 
0.000000 
0.000000 
0.000000 
0.000000 
0.000000 
0.000000 
0.000000 
0.000000 
0.000000 
0.000000 
0.000005 
0.000030 
0.000141 
0.000466 
0.000874 
0.000466 
0.000141 
0.000030 
0.000005 
0.000001 
0.000000 
0.000000 
0.000000 
0.000000 
0.000000 
0.000000 
0.000000 
0.000000 
0.000000 
0.000000 
0.000000 
0.000000 
0.000000 
0.000000 
0.000000 
0.000001 
0.000004 
0.000018 
0.000060 
0.000110 
0.000060 
0.000018 
0.000004 
0.000001 
0.000000 
0.000000 
0.000000 
0.000000 
0.000000 
0.000000 
0.000000 
0.000000 
0.000000 
0.000000 
0.000000 
0.000000 
0.000000 
0.000000 
0.000000 
0.000000 
0.000000 
0.000000 
0.000002 
0.000006 
0.000012 
0.000006 
0.000002 
0.000000 
0.000000 
0.000000 
0.000000 
0.000000 
0.000000 
0.000000 
0.000000 
0.000000 
0.000000 
0.000000 
0.000000 
0.000000 
0.000000 
0.000000 
0.000000 
0.000000 
0.000000 
0.000000 
0.000000 
0.000000 
0.000001 
0.000001 
0.000001 
0.000000 
0.000000 
0.000000 
0.000000 
0.000000 
0.000000 
0.000000 
0.000000 
0.000000 
0.000000 
0.000000 
0.000001 
0.000003 
0.000004 
0.000003 
0.000001 
0.000000 
0.000000 
0.000000 
0.000000 
0.000000 
0.000000 
0.000000 
0.000000 
0.000000 
0.000000 
0.000000 
0.000000 
0.000000 
0.000000 
0.000000 
0.000000 
0.000000 
0.000000 
0.000000 
0.000002 
0.000009 
0.000026 
0.000042 
0.000026 
0.000009 
0.000002 
0.000000 
0.000000 
0.000000 
0.000000 
0.000000 
0.000000 
0.000000 
0.000000 
0.000000 
0.000000 
0.000000 
0.000000 
0.000000 
0.000000 
0.000000 
0.000000 
0.000001 
0.000004 
0.000021 
0.000085 
0.000232 
0.000369 
0.000232 
0.000085 
0.000021 
0.000004 
0.000001 
0.000000 
0.000000 
0.000000 
0.000000 
0.000000 
0.000000 
0.000000 
0.000000 
0.000000 
0.000000 
0.000000 
0.000000 
0.000000 
0.000001 
0.000005 
0.000032 
0.000164 
0.000641 
0.001733 
0.002736 
0.001733 
0.000641 
0.000164 
0.000032 
0.000005 
0.000000 
0.000000 
0.000000 
0.000000 
0.000000 
0.000000 
0.000000 
0.000000 
0.000000 
0.000000 
0.000000 
0.000000 
0.000000 
0.000004 
0.000032 
0.000203 
0.001037 
0.004008 
0.010704 
0.016762 
0.010704 
0.004008 
0.001037 
0.000203 
0.000031 
0.000000 
0.000000 
0.000000 
0.000000 
0.000000 
0.000000 
0.000000 
0.000000 
0.000000 
0.000000 
0.000000 
0.000000 
0.000002 
0.000021 
0.000164 
0.001037 
0.005237 
0.019975 
0.052748 
0.081973 
0.052748 
0.019975 
0.005237 
0.001037 
0.000161 
0.000000 
0.000000 
0.000000 
0.000000 
0.000000 
0.000000 
0.000000 
0.000000 
0.000000 
0.000000 
0.000000 
0.000001 
0.000009 
0.000085 
0.000641 
0.004008 
0.019975 
0.075274 
0.196697 
0.303553 
0.196697 
0.075274 
0.019975 
0.004007 
0.000632 
0.000000 
0.000000 
0.000000 
0.000000 
0.000000 
0.000000 
0.000000 
0.000000 
0.000000 
0.000000 
0.000000 
0.000003 
0.000026 
0.000232 
0.001733 
0.010704 
0.052748 
0.196697 
0.509306 
0.781311 
0.509306 
0.196697 
0.052748 
0.010702 
0.001707 
0.000000 
0.000000 
0.000000 
0.000000 
0.000000 
0.000000 
0.000000 
0.000000 
0.000000 
0.000000 
0.000000 
0.000004 
0.000042 
0.000369 
0.002736 
0.016762 
0.081973 
0.303553 
0.781311 
1.194054 
0.781311 
0.303553 
0.081972 
0.016758 
0.002693 
0.000000 
0.000000 
0.000000 
0.000000 
0.000000 
0.000000 
0.000000 
0.000000 
0.000000 
0.000000 
0.000000 
0.000003 
0.000026 
0.000232 
0.001733 
0.010704 
0.052748 
0.196697 
0.509306 
0.781311 
0.509306 
0.196697 
0.052748 
0.010702 
0.001707 
0.000000 
0.000000 
0.000000 
0.000000 
0.000000 
0.000000 
0.000000 
0.000000 
0.000000 
0.000000 
0.000000 
0.000001 
0.000009 
0.000085 
0.000641 
0.004008 
0.019975 
0.075274 
0.196697 
0.303553 
0.196697 
0.075274 
0.019975 
0.004007 
0.000632 
0.000000 
0.000000 
0.000000 
0.000000 
0.000000 
0.000000 
0.000000 
0.000000 
0.000000 
0.000000 
0.000000 
0.000000 
0.000002 
0.000021 
0.000164 
0.001037 
0.005237 
0.019975 
0.052748 
0.081972 
0.052748 
0.019975 
0.005237 
0.001037 
0.000161 
0.000000 
0.000000 
0.000000 
0.000000 
0.000000 
0.000000 
0.000000 
0.000000 
0.000000 
0.000000 
0.000000 
0.000000 
0.000000 
0.000004 
0.000032 
0.000203 
0.001037 
0.004007 
0.010702 
0.016758 
0.010702 
0.004007 
0.001037 
0.000203 
0.000031 
0.000000 
0.000000 
0.000000 
0.000000 
0.000000 
0.000000 
0.000000 
0.000000 
0.000000 
0.000000 
0.000000 
0.000000 
0.000000 
0.000001 
0.000005 
0.000031 
0.000161 
0.000632 
0.001707 
0.002693 
0.001707 
0.000632 
0.000161 
0.000031 
0.000005 
