25.000000 25.000000 1.000000
0.000001 
0.000009 
0.000053 
0.000217 
0.000487 
0.000217 
0.000053 
0.000009 
0.000001 
0.000000 
0.000000 
0.000000 
0.000000 
0.000000 
0.000000 
0.000000 
0.000000 
0.000000 
0.000000 
0.000000 
0.000000 
0.000000 
0.000000 
0.000000 
0.000000 
0.000009 
0.000070 
0.000425 
0.001772 
0.004023 
0.001772 
0.000425 
0.000070 
0.000009 
0.000001 
0.000000 
0.000000 
0.000000 
0.000000 
0.000000 
0.000000 
0.000000 
0.000000 
0.000000 
0.000000 
0.000000 
0.000000 
0.000000 
0.000000 
0.000000 
0.000053 
0.000425 
0.002605 
0.011013 
0.025407 
0.011013 
0.002605 
0.000425 
0.000053 
0.000005 
0.000000 
0.000000 
0.000000 
0.000000 
0.000000 
0.000000 
0.000000 
0.000000 
0.000000 
0.000000 
0.000000 
0.000000 
0.000000 
0.000000 
0.000000 
0.000217 
0.001772 
0.011013 
0.047375 
0.111160 
0.047375 
0.011013 
0.001772 
0.000219 
0.000022 
0.000002 
0.000000 
0.000000 
0.000000 
0.000000 
0.000000 
0.000000 
0.000000 
0.000000 
0.000000 
0.000000 
0.000000 
0.000000 
0.000000 
0.000000 
0.000487 
0.004023 
0.025407 
0.111160 
0.264788 
0.111160 
0.025407 
0.004023 
0.000491 
0.000049 
0.000004 
0.000000 
0.000000 
0.000000 
0.000000 
0.000000 
0.000000 
0.000000 
0.000000 
0.000000 
0.000000 
0.000000 
0.000000 
0.000000 
0.000000 
0.000217 
0.001772 
0.011013 
0.047375 
0.111160 
0.047375 
0.011013 
0.001772 
0.000219 
0.000022 
0.000002 
0.000000 
0.000000 
0.000000 
0.000000 
0.000000 
0.000000 
0.000000 
0.000000 
0.000000 
0.000000 
0.000000 
0.000000 
0.000000 
0.000000 
0.000053 
0.000425 
0.002605 
0.011013 
0.025407 
0.011013 
0.002605 
0.000425 
0.000053 
0.000005 
0.000000 
0.000000 
0.000000 
0.000000 
0.000000 
0.000000 
0.000000 
0.000000 
0.000000 
0.000000 
0.000000 
0.000000 
0.000000 
0.000000 
0.000000 
0.000009 
0.000070 
0.000425 
0.001772 
0.004023 
0.001772 
0.000425 
0.000070 
0.000009 
0.000001 
0.000000 
0.000000 
0.000000 
0.000000 
0.000000 
0.000000 
0.000000 
0.000000 
0.000000 
0.000000 
0.000000 
0.000000 
0.000000 
0.000000 
0.000000 
0.000001 
0.000009 
0.000053 
0.000219 
0.000491 
0.000219 
0.000053 
0.000009 
0.000001 
0.000000 
0.000000 
0.000000 
0.000000 
0.000000 
0.000000 
0.000000 
0.000000 
0.000000 
0.000000 
0.000000 
0.000000 
0.000000 
0.000000 
0.000000 
0.000000 
0.000000 
0.000001 
0.000005 
0.000022 
0.000049 
0.000022 
0.000005 
0.000001 
0.000000 
0.000000 
0.000000 
0.000000 
0.000000 
0.000000 
0.000000 
0.000000 
0.000000 
0.000000 
0.000000 
0.000000 
0.000000 
0.000000 
0.000000 
0.000000 
0.000000 
0.000000 
0.000000 
0.000000 
0.000002 
0.000004 
0.000002 
0.000000 
0.000000 
0.000000 
0.000000 
0.000000 
0.000000 
0.000000 
0.000000 
0.000000 
0.000000 
0.000000 
0.000000 
0.000000 
0.000000 
0.000000 
0.000000 
0.000000 
0.000000 
0.000000 
0.000000 
0.000000 
0.000000 
0.000000 
0.000000 
0.000000 
0.000000 
0.000000 
0.000000 
0.000000 
0.000000 
0.000000 
0.000000 
0.000000 
0.000000 
0.000000 
0.000000 
0.000000 
0.000001 
0.000001 
0.000001 
0.000000 
0.000000 
0.000000 
0.000000 
0.000000 
0.000000 
0.000000 
0.000000 
0.000000 
0.000000 
0.000000 
0.000000 
0.000000 
0.000000 
0.000000 
0.000000 
0.000000 
0.000000 
0.000000 
0.000000 
0.000000 
0.000002 
0.000009 
0.000016 
0.000009 
0.000002 
0.000000 
0.000000 
0.000000 
0.000000 
0.000000 
0.000000 
0.000000 
0.000000 
0.000000 
0.000000 
0.000000 
0.000000 
0.000000 
0.000000 
0.000000 
0.000000 
0.000000 
0.000000 
0.000001 
0.000006 
0.000029 
0.000099 
0.000187 
0.000099 
0.000029 
0.000006 
0.000001 
0.000000 
0.000000 
0.000000 
0.000000 
0.000000 
0.000000 
0.000000 
0.000000 
0.000000 
0.000000 
0.000000 
0.000000 
0.000000 
0.000000 
0.000000 
0.000001 
0.000008 
0.000056 
0.000282 
0.000956 
0.001780 
0.000956 
0.000282 
0.000056 
0.000008 
0.000001 
0.000000 
0.000000 
0.000000 
0.000000 
0.000000 
0.000000 
0.000000 
0.000000 
0.000000 
0.000000 
0.000000 
0.000000 
0.000000 
0.000001 
0.000008 
0.000070 
0.000462 
0.002279 
0.007588 
0.013942 
0.007588 
0.002279 
0.000462 
0.000070 
0.000008 
0.000000 
0.000000 
0.000000 
0.000000 
0.000000 
0.000000 
0.000000 
0.000000 
0.000000 
0.000000 
0.000000 
0.000000 
0.000000 
0.000006 
0.000056 
0.000462 
0.003001 
0.014535 
0.047608 
0.086381 
0.047608 
0.014535 
0.003001 
0.000462 
0.000056 
0.000000 
0.000000 
0.000000 
0.000000 
0.000000 
0.000000 
0.000000 
0.000000 
0.000000 
0.000000 
0.000000 
0.000000 
0.000002 
0.000029 
0.000282 
0.002279 
0.014535 
0.069189 
0.223128 
0.400125 
0.223128 
0.069189 
0.014535 
0.002279 
0.000280 
0.000000 
0.000000 
0.000000 
0.000000 
0.000000 
0.000000 
0.000000 
0.000000 
0.000000 
0.000000 
0.000000 
0.000001 
0.000009 
0.000099 
0.000956 
0.007588 
0.047608 
0.223128 
0.709481 
1.258988 
0.709481 
0.223128 
0.047608 
0.007588 
0.000948 
0.000000 
0.000000 
0.000000 
0.000000 
0.000000 
0.000000 
0.000000 
0.000000 
0.000000 
0.000000 
0.000000 
0.000001 
0.000016 
0.000187 
0.001780 
0.013942 
0.086381 
0.400125 
1.258988 
2.217029 
1.258988 
0.400125 
0.086381 
0.013941 
0.001764 
0.000000 
0.000000 
0.000000 
0.000000 
0.000000 
0.000000 
0.000000 
0.000000 
0.000000 
0.000000 
0.000000 
0.000001 
0.000009 
0.000099 
0.000956 
0.007588 
0.047608 
0.223128 
0.709481 
1.258988 
0.709481 
0.223128 
0.047608 
0.007588 
0.000948 
0.000000 
0.000000 
0.000000 
0.000000 
0.000000 
0.000000 
0.000000 
0.000000 
0.000000 
0.000000 
0.000000 
0.000000 
0.000002 
0.000029 
0.000282 
0.002279 
0.014535 
0.069189 
0.223128 
0.400125 
0.223128 
0.069189 
0.014535 
0.002279 
0.000280 
0.000000 
0.000000 
0.000000 
0.000000 
0.000000 
0.000000 
0.000000 
0.000000 
0.000000 
0.000000 
0.000000 
0.000000 
0.000000 
0.000006 
0.000056 
0.000462 
0.003001 
0.014535 
0.047608 
0.086381 
0.047608 
0.014535 
0.003001 
0.000462 
0.000056 
0.000000 
0.000000 
0.000000 
0.000000 
0.000000 
0.000000 
0.000000 
0.000000 
0.000000 
0.000000 
0.000000 
0.000000 
0.000000 
0.000001 
0.000008 
0.000070 
0.000462 
0.002279 
0.007588 
0.013941 
0.007588 
0.002279 
0.000462 
0.000070 
0.000008 
0.000000 
0.000000 
0.000000 
0.000000 
0.000000 
0.000000 
0.000000 
0.000000 
0.000000 
0.000000 
0.000000 
0.000000 
0.000000 
0.000000 
0.000001 
0.000008 
0.000056 
0.000280 
0.000948 
0.001764 
0.000948 
0.000280 
0.000056 
0.000008 
0.000001 
