25.000000 25.000000 1.000000
0.000004 
0.000024 
0.000118 
0.000406 
0.000785 
0.000406 
0.000118 
0.000024 
0.000004 
0.000000 
0.000000 
0.000000 
0.000000 
0.000000 
0.000000 
0.000000 
0.000000 
0.000000 
0.000000 
0.000000 
0.000000 
0.000000 
0.000000 
0.000000 
0.000000 
0.000024 
0.000158 
0.000788 
0.002749 
0.005395 
0.002749 
0.000788 
0.000158 
0.000024 
0.000003 
0.000000 
0.000000 
0.000000 
0.000000 
0.000000 
0.000000 
0.000000 
0.000000 
0.000000 
0.000000 
0.000000 
0.000000 
0.000000 
0.000000 
0.000000 
0.000118 
0.000788 
0.004007 
0.014234 
0.028422 
0.014234 
0.004007 
0.000788 
0.000120 
0.000015 
0.000002 
0.000000 
0.000000 
0.000000 
0.000000 
0.000000 
0.000000 
0.000000 
0.000000 
0.000000 
0.000000 
0.000000 
0.000000 
0.000000 
0.000000 
0.000406 
0.002749 
0.014234 
0.051578 
0.104778 
0.051578 
0.014234 
0.002749 
0.000411 
0.000050 
0.000005 
0.000000 
0.000000 
0.000000 
0.000000 
0.000000 
0.000000 
0.000000 
0.000000 
0.000000 
0.000000 
0.000000 
0.000000 
0.000000 
0.000000 
0.000785 
0.005395 
0.028422 
0.104778 
0.215867 
0.104778 
0.028422 
0.005396 
0.000794 
0.000096 
0.000010 
0.000001 
0.000000 
0.000000 
0.000000 
0.000000 
0.000000 
0.000000 
0.000000 
0.000000 
0.000000 
0.000000 
0.000000 
0.000000 
0.000000 
0.000406 
0.002749 
0.014234 
0.051578 
0.104778 
0.051578 
0.014234 
0.002749 
0.000411 
0.000050 
0.000005 
0.000000 
0.000000 
0.000000 
0.000000 
0.000000 
0.000000 
0.000000 
0.000000 
0.000000 
0.000000 
0.000000 
0.000000 
0.000000 
0.000000 
0.000118 
0.000788 
0.004007 
0.014234 
0.028422 
0.014234 
0.004007 
0.000788 
0.000120 
0.000015 
0.000002 
0.000000 
0.000000 
0.000000 
0.000000 
0.000000 
0.000000 
0.000000 
0.000000 
0.000000 
0.000000 
0.000000 
0.000000 
0.000000 
0.000000 
0.000024 
0.000158 
0.000788 
0.002749 
0.005396 
0.002749 
0.000788 
0.000158 
0.000024 
0.000003 
0.000000 
0.000000 
0.000000 
0.000000 
0.000000 
0.000000 
0.000000 
0.000000 
0.000000 
0.000000 
0.000000 
0.000000 
0.000000 
0.000000 
0.000000 
0.000004 
0.000024 
0.000120 
0.000411 
0.000794 
0.000411 
0.000120 
0.000024 
0.000004 
0.000000 
0.000000 
0.000000 
0.000000 
0.000000 
0.000000 
0.000000 
0.000000 
0.000000 
0.000000 
0.000000 
0.000000 
0.000000 
0.000000 
0.000000 
0.000000 
0.000000 
0.000003 
0.000015 
0.000050 
0.000096 
0.000050 
0.000015 
0.000003 
0.000000 
0.000000 
0.000000 
0.000000 
0.000000 
0.000000 
0.000000 
0.000000 
0.000000 
0.000000 
0.000000 
0.000000 
0.000000 
0.000000 
0.000000 
0.000000 
0.000000 
0.000000 
0.000000 
0.000002 
0.000005 
0.000010 
0.000005 
0.000002 
0.000000 
0.000000 
0.000000 
0.000000 
0.000000 
0.000000 
0.000000 
0.000000 
0.000000 
0.000000 
0.000000 
0.000000 
0.000000 
0.000000 
0.000000 
0.000000 
0.000000 
0.000000 
0.000000 
0.000000 
0.000000 
0.000000 
0.000001 
0.000000 
0.000000 
0.000000 
0.000000 
0.000000 
0.000000 
0.000000 
0.000000 
0.000000 
0.000000 
0.000000 
0.000000 
0.000001 
0.000002 
0.000003 
0.000002 
0.000001 
0.000000 
0.000000 
0.000000 
0.000000 
0.000000 
0.000000 
0.000000 
0.000000 
0.000000 
0.000000 
0.000000 
0.000000 
0.000000 
0.000000 
0.000000 
0.000000 
0.000000 
0.000000 
0.000000 
0.000002 
0.000008 
0.000022 
0.000036 
0.000022 
0.000008 
0.000002 
0.000000 
0.000000 
0.000000 
0.000000 
0.000000 
0.000000 
0.000000 
0.000000 
0.000000 
0.000000 
0.000000 
0.000000 
0.000000 
0.000000 
0.000000 
0.000000 
0.000000 
0.000003 
0.000017 
0.000071 
0.000202 
0.000330 
0.000202 
0.000071 
0.000017 
0.000003 
0.000000 
0.000000 
0.000000 
0.000000 
0.000000 
0.000000 
0.000000 
0.000000 
0.000000 
0.000000 
0.000000 
0.000000 
0.000000 
0.000000 
0.000000 
0.000004 
0.000025 
0.000137 
0.000562 
0.001579 
0.002561 
0.001579 
0.000562 
0.000137 
0.000025 
0.000004 
0.000000 
0.000000 
0.000000 
0.000000 
0.000000 
0.000000 
0.000000 
0.000000 
0.000000 
0.000000 
0.000000 
0.000000 
0.000000 
0.000003 
0.000025 
0.000170 
0.000911 
0.003674 
0.010197 
0.016394 
0.010197 
0.003674 
0.000911 
0.000170 
0.000025 
0.000000 
0.000000 
0.000000 
0.000000 
0.000000 
0.000000 
0.000000 
0.000000 
0.000000 
0.000000 
0.000000 
0.000000 
0.000002 
0.000017 
0.000137 
0.000911 
0.004810 
0.019133 
0.052458 
0.083635 
0.052458 
0.019133 
0.004810 
0.000911 
0.000135 
0.000000 
0.000000 
0.000000 
0.000000 
0.000000 
0.000000 
0.000000 
0.000000 
0.000000 
0.000000 
0.000000 
0.000001 
0.000008 
0.000071 
0.000562 
0.003674 
0.019133 
0.075146 
0.203702 
0.322271 
0.203702 
0.075146 
0.019133 
0.003674 
0.000554 
0.000000 
0.000000 
0.000000 
0.000000 
0.000000 
0.000000 
0.000000 
0.000000 
0.000000 
0.000000 
0.000000 
0.000002 
0.000022 
0.000202 
0.001579 
0.010197 
0.052458 
0.203702 
0.546706 
0.859175 
0.546706 
0.203702 
0.052458 
0.010195 
0.001557 
0.000000 
0.000000 
0.000000 
0.000000 
0.000000 
0.000000 
0.000000 
0.000000 
0.000000 
0.000000 
0.000000 
0.000003 
0.000036 
0.000330 
0.002561 
0.016394 
0.083635 
0.322271 
0.859175 
1.344348 
0.859175 
0.322271 
0.083635 
0.016391 
0.002525 
0.000000 
0.000000 
0.000000 
0.000000 
0.000000 
0.000000 
0.000000 
0.000000 
0.000000 
0.000000 
0.000000 
0.000002 
0.000022 
0.000202 
0.001579 
0.010197 
0.052458 
0.203702 
0.546706 
0.859175 
0.546706 
0.203702 
0.052458 
0.010195 
0.001557 
0.000000 
0.000000 
0.000000 
0.000000 
0.000000 
0.000000 
0.000000 
0.000000 
0.000000 
0.000000 
0.000000 
0.000001 
0.000008 
0.000071 
0.000562 
0.003674 
0.019133 
0.075146 
0.203702 
0.322271 
0.203702 
0.075146 
0.019133 
0.003674 
0.000554 
0.000000 
0.000000 
0.000000 
0.000000 
0.000000 
0.000000 
0.000000 
0.000000 
0.000000 
0.000000 
0.000000 
0.000000 
0.000002 
0.000017 
0.000137 
0.000911 
0.004810 
0.019133 
0.052458 
0.083635 
0.052458 
0.019133 
0.004810 
0.000911 
0.000135 
0.000000 
0.000000 
0.000000 
0.000000 
0.000000 
0.000000 
0.000000 
0.000000 
0.000000 
0.000000 
0.000000 
0.000000 
0.000000 
0.000003 
0.000025 
0.000170 
0.000911 
0.003674 
0.010195 
0.016391 
0.010195 
0.003674 
0.000911 
0.000170 
0.000025 
0.000000 
0.000000 
0.000000 
0.000000 
0.000000 
0.000000 
0.000000 
0.000000 
0.000000 
0.000000 
0.000000 
0.000000 
0.000000 
0.000000 
0.000004 
0.000025 
0.000135 
0.000554 
0.001557 
0.002525 
0.001557 
0.000554 
0.000135 
0.000025 
0.000004 
