25.000000 25.000000 1.000000
0.000005 
0.000031 
0.000146 
0.000478 
0.000888 
0.000478 
0.000146 
0.000031 
0.000005 
0.000001 
0.000000 
0.000000 
0.000000 
0.000000 
0.000000 
0.000000 
0.000000 
0.000000 
0.000000 
0.000000 
0.000000 
0.000000 
0.000000 
0.000000 
0.000000 
0.000031 
0.000195 
0.000925 
0.003071 
0.005795 
0.003071 
0.000925 
0.000195 
0.000032 
0.000004 
0.000000 
0.000000 
0.000000 
0.000000 
0.000000 
0.000000 
0.000000 
0.000000 
0.000000 
0.000000 
0.000000 
0.000000 
0.000000 
0.000000 
0.000000 
0.000146 
0.000925 
0.004462 
0.015096 
0.028983 
0.015096 
0.004462 
0.000926 
0.000149 
0.000019 
0.000002 
0.000000 
0.000000 
0.000000 
0.000000 
0.000000 
0.000000 
0.000000 
0.000000 
0.000000 
0.000000 
0.000000 
0.000000 
0.000000 
0.000000 
0.000478 
0.003071 
0.015096 
0.052112 
0.101767 
0.052112 
0.015096 
0.003071 
0.000485 
0.000063 
0.000007 
0.000001 
0.000000 
0.000000 
0.000000 
0.000000 
0.000000 
0.000000 
0.000000 
0.000000 
0.000000 
0.000000 
0.000000 
0.000000 
0.000000 
0.000888 
0.005795 
0.028983 
0.101767 
0.201438 
0.101767 
0.028983 
0.005796 
0.000901 
0.000115 
0.000013 
0.000001 
0.000000 
0.000000 
0.000000 
0.000000 
0.000000 
0.000000 
0.000000 
0.000000 
0.000000 
0.000000 
0.000000 
0.000000 
0.000000 
0.000478 
0.003071 
0.015096 
0.052112 
0.101767 
0.052112 
0.015096 
0.003071 
0.000485 
0.000063 
0.000007 
0.000001 
0.000000 
0.000000 
0.000000 
0.000000 
0.000000 
0.000000 
0.000000 
0.000000 
0.000000 
0.000000 
0.000000 
0.000000 
0.000000 
0.000146 
0.000925 
0.004462 
0.015096 
0.028983 
0.015096 
0.004462 
0.000926 
0.000149 
0.000019 
0.000002 
0.000000 
0.000000 
0.000000 
0.000000 
0.000000 
0.000000 
0.000000 
0.000000 
0.000000 
0.000000 
0.000000 
0.000000 
0.000000 
0.000000 
0.000031 
0.000195 
0.000926 
0.003071 
0.005796 
0.003071 
0.000926 
0.000195 
0.000032 
0.000004 
0.000000 
0.000000 
0.000000 
0.000000 
0.000000 
0.000000 
0.000000 
0.000000 
0.000000 
0.000000 
0.000000 
0.000000 
0.000000 
0.000000 
0.000000 
0.000005 
0.000032 
0.000149 
0.000485 
0.000901 
0.000485 
0.000149 
0.000032 
0.000005 
0.000001 
0.000000 
0.000000 
0.000000 
0.000000 
0.000000 
0.000000 
0.000000 
0.000000 
0.000000 
0.000000 
0.000000 
0.000000 
0.000000 
0.000000 
0.000000 
0.000001 
0.000004 
0.000019 
0.000063 
0.000115 
0.000063 
0.000019 
0.000004 
0.000001 
0.000000 
0.000000 
0.000000 
0.000000 
0.000000 
0.000000 
0.000000 
0.000000 
0.000000 
0.000000 
0.000000 
0.000000 
0.000000 
0.000000 
0.000000 
0.000000 
0.000000 
0.000000 
0.000002 
0.000007 
0.000013 
0.000007 
0.000002 
0.000000 
0.000000 
0.000000 
0.000000 
0.000000 
0.000000 
0.000000 
0.000000 
0.000000 
0.000000 
0.000000 
0.000000 
0.000000 
0.000000 
0.000000 
0.000000 
0.000000 
0.000000 
0.000000 
0.000000 
0.000000 
0.000001 
0.000001 
0.000001 
0.000000 
0.000000 
0.000000 
0.000000 
0.000000 
0.000000 
0.000000 
0.000000 
0.000000 
0.000000 
0.000000 
0.000001 
0.000003 
0.000004 
0.000003 
0.000001 
0.000000 
0.000000 
0.000000 
0.000000 
0.000000 
0.000000 
0.000000 
0.000000 
0.000000 
0.000000 
0.000000 
0.000000 
0.000000 
0.000000 
0.000000 
0.000000 
0.000000 
0.000000 
0.000000 
0.000003 
0.000010 
0.000028 
0.000044 
0.000028 
0.000010 
0.000003 
0.000000 
0.000000 
0.000000 
0.000000 
0.000000 
0.000000 
0.000000 
0.000000 
0.000000 
0.000000 
0.000000 
0.000000 
0.000000 
0.000000 
0.000000 
0.000000 
0.000001 
0.000004 
0.000023 
0.000090 
0.000242 
0.000382 
0.000242 
0.000090 
0.000023 
0.000004 
0.000001 
0.000000 
0.000000 
0.000000 
0.000000 
0.000000 
0.000000 
0.000000 
0.000000 
0.000000 
0.000000 
0.000000 
0.000000 
0.000000 
0.000001 
0.000005 
0.000034 
0.000173 
0.000668 
0.001784 
0.002792 
0.001784 
0.000668 
0.000173 
0.000034 
0.000005 
0.000000 
0.000000 
0.000000 
0.000000 
0.000000 
0.000000 
0.000000 
0.000000 
0.000000 
0.000000 
0.000000 
0.000000 
0.000000 
0.000004 
0.000034 
0.000214 
0.001080 
0.004116 
0.010859 
0.016864 
0.010859 
0.004116 
0.001080 
0.000214 
0.000033 
0.000000 
0.000000 
0.000000 
0.000000 
0.000000 
0.000000 
0.000000 
0.000000 
0.000000 
0.000000 
0.000000 
0.000000 
0.000003 
0.000023 
0.000173 
0.001080 
0.005375 
0.020226 
0.052774 
0.081356 
0.052774 
0.020226 
0.005375 
0.001080 
0.000171 
0.000000 
0.000000 
0.000000 
0.000000 
0.000000 
0.000000 
0.000000 
0.000000 
0.000000 
0.000000 
0.000000 
0.000001 
0.000010 
0.000090 
0.000668 
0.004116 
0.020226 
0.075214 
0.194249 
0.297442 
0.194249 
0.075214 
0.020226 
0.004115 
0.000658 
0.000000 
0.000000 
0.000000 
0.000000 
0.000000 
0.000000 
0.000000 
0.000000 
0.000000 
0.000000 
0.000000 
0.000003 
0.000028 
0.000242 
0.001784 
0.010859 
0.052774 
0.194249 
0.497230 
0.757019 
0.497230 
0.194249 
0.052774 
0.010856 
0.001756 
0.000000 
0.000000 
0.000000 
0.000000 
0.000000 
0.000000 
0.000000 
0.000000 
0.000000 
0.000000 
0.000000 
0.000004 
0.000044 
0.000382 
0.002792 
0.016864 
0.081356 
0.297442 
0.757019 
1.148383 
0.757019 
0.297442 
0.081355 
0.016859 
0.002747 
0.000000 
0.000000 
0.000000 
0.000000 
0.000000 
0.000000 
0.000000 
0.000000 
0.000000 
0.000000 
0.000000 
0.000003 
0.000028 
0.000242 
0.001784 
0.010859 
0.052774 
0.194249 
0.497230 
0.757019 
0.497230 
0.194249 
0.052774 
0.010856 
0.001756 
0.000000 
0.000000 
0.000000 
0.000000 
0.000000 
0.000000 
0.000000 
0.000000 
0.000000 
0.000000 
0.000000 
0.000001 
0.000010 
0.000090 
0.000668 
0.004116 
0.020226 
0.075214 
0.194249 
0.297442 
0.194249 
0.075214 
0.020226 
0.004115 
0.000658 
0.000000 
0.000000 
0.000000 
0.000000 
0.000000 
0.000000 
0.000000 
0.000000 
0.000000 
0.000000 
0.000000 
0.000000 
0.000003 
0.000023 
0.000173 
0.001080 
0.005375 
0.020226 
0.052774 
0.081355 
0.052774 
0.020226 
0.005375 
0.001080 
0.000171 
0.000000 
0.000000 
0.000000 
0.000000 
0.000000 
0.000000 
0.000000 
0.000000 
0.000000 
0.000000 
0.000000 
0.000000 
0.000000 
0.000004 
0.000034 
0.000214 
0.001080 
0.004115 
0.010856 
0.016859 
0.010856 
0.004115 
0.001080 
0.000214 
0.000033 
0.000000 
0.000000 
0.000000 
0.000000 
0.000000 
0.000000 
0.000000 
0.000000 
0.000000 
0.000000 
0.000000 
0.000000 
0.000000 
0.000001 
0.000005 
0.000033 
0.000171 
0.000658 
0.001756 
0.002747 
0.001756 
0.000658 
0.000171 
0.000033 
0.000005 
