25.000000 25.000000 1.000000
0.000019 
0.000160 
0.001007 
0.004254 
0.009567 
0.004254 
0.001007 
0.000160 
0.000019 
0.000002 
0.000000 
0.000000 
0.000000 
0.000000 
0.000000 
0.000000 
0.000000 
0.000000 
0.000000 
0.000000 
0.000000 
0.000000 
0.000000 
0.000000 
0.000000 
0.000160 
0.001342 
0.008350 
0.034934 
0.077880 
0.034934 
0.008350 
0.001342 
0.000162 
0.000015 
0.000001 
0.000000 
0.000000 
0.000000 
0.000000 
0.000000 
0.000000 
0.000000 
0.000000 
0.000000 
0.000000 
0.000000 
0.000000 
0.000000 
0.000000 
0.001007 
0.008350 
0.051404 
0.212893 
0.470454 
0.212893 
0.051404 
0.008350 
0.001015 
0.000098 
0.000008 
0.000001 
0.000000 
0.000000 
0.000000 
0.000000 
0.000000 
0.000000 
0.000000 
0.000000 
0.000000 
0.000000 
0.000000 
0.000000 
0.000000 
0.004254 
0.034934 
0.212893 
0.873035 
1.913030 
0.873035 
0.212893 
0.034936 
0.004288 
0.000418 
0.000034 
0.000002 
0.000000 
0.000000 
0.000000 
0.000000 
0.000000 
0.000000 
0.000000 
0.000000 
0.000000 
0.000000 
0.000000 
0.000000 
0.000000 
0.009567 
0.077880 
0.470454 
1.913030 
4.162115 
1.913030 
0.470454 
0.077885 
0.009644 
0.000949 
0.000077 
0.000005 
0.000000 
0.000000 
0.000000 
0.000000 
0.000000 
0.000000 
0.000000 
0.000000 
0.000000 
0.000000 
0.000000 
0.000000 
0.000000 
0.004254 
0.034934 
0.212893 
0.873035 
1.913030 
0.873035 
0.212893 
0.034936 
0.004288 
0.000418 
0.000034 
0.000002 
0.000000 
0.000000 
0.000000 
0.000000 
0.000000 
0.000000 
0.000000 
0.000000 
0.000000 
0.000000 
0.000000 
0.000000 
0.000000 
0.001007 
0.008350 
0.051404 
0.212893 
0.470454 
0.212893 
0.051404 
0.008350 
0.001015 
0.000098 
0.000008 
0.000001 
0.000000 
0.000000 
0.000000 
0.000000 
0.000000 
0.000000 
0.000000 
0.000000 
0.000000 
0.000000 
0.000000 
0.000000 
0.000000 
0.000160 
0.001342 
0.008350 
0.034936 
0.077885 
0.034936 
0.008350 
0.001343 
0.000162 
0.000015 
0.000001 
0.000000 
0.000000 
0.000000 
0.000000 
0.000000 
0.000000 
0.000000 
0.000000 
0.000000 
0.000000 
0.000000 
0.000000 
0.000000 
0.000000 
0.000019 
0.000162 
0.001015 
0.004288 
0.009644 
0.004288 
0.001015 
0.000162 
0.000019 
0.000002 
0.000000 
0.000000 
0.000000 
0.000000 
0.000000 
0.000000 
0.000000 
0.000000 
0.000000 
0.000000 
0.000000 
0.000000 
0.000000 
0.000000 
0.000000 
0.000002 
0.000015 
0.000098 
0.000418 
0.000949 
0.000418 
0.000098 
0.000015 
0.000002 
0.000000 
0.000000 
0.000000 
0.000000 
0.000000 
0.000000 
0.000000 
0.000000 
0.000000 
0.000000 
0.000000 
0.000000 
0.000000 
0.000000 
0.000000 
0.000000 
0.000000 
0.000001 
0.000008 
0.000034 
0.000077 
0.000034 
0.000008 
0.000001 
0.000000 
0.000000 
0.000000 
0.000000 
0.000000 
0.000000 
0.000000 
0.000000 
0.000000 
0.000000 
0.000000 
0.000000 
0.000000 
0.000000 
0.000000 
0.000000 
0.000000 
0.000000 
0.000000 
0.000001 
0.000002 
0.000005 
0.000002 
0.000001 
0.000000 
0.000000 
0.000000 
0.000000 
0.000000 
0.000000 
0.000000 
0.000000 
0.000000 
0.000000 
0.000000 
0.000000 
0.000001 
0.000000 
0.000000 
0.000000 
0.000000 
0.000000 
0.000000 
0.000000 
0.000000 
0.000000 
0.000000 
0.000000 
0.000000 
0.000000 
0.000000 
0.000000 
0.000000 
0.000000 
0.000000 
0.000000 
0.000000 
0.000000 
0.000000 
0.000001 
0.000003 
0.000005 
0.000003 
0.000001 
0.000000 
0.000000 
0.000000 
0.000000 
0.000000 
0.000000 
0.000000 
0.000000 
0.000000 
0.000000 
0.000000 
0.000000 
0.000000 
0.000000 
0.000000 
0.000000 
0.000000 
0.000000 
0.000001 
0.000003 
0.000011 
0.000029 
0.000048 
0.000029 
0.000011 
0.000003 
0.000001 
0.000000 
0.000000 
0.000000 
0.000000 
0.000000 
0.000000 
0.000000 
0.000000 
0.000000 
0.000000 
0.000000 
0.000000 
0.000000 
0.000000 
0.000000 
0.000001 
0.000004 
0.000020 
0.000081 
0.000225 
0.000371 
0.000225 
0.000081 
0.000020 
0.000004 
0.000001 
0.000000 
0.000000 
0.000000 
0.000000 
0.000000 
0.000000 
0.000000 
0.000000 
0.000000 
0.000000 
0.000000 
0.000000 
0.000000 
0.000001 
0.000004 
0.000025 
0.000130 
0.000522 
0.001483 
0.002481 
0.001483 
0.000522 
0.000130 
0.000025 
0.000004 
0.000000 
0.000000 
0.000000 
0.000000 
0.000000 
0.000000 
0.000000 
0.000000 
0.000000 
0.000000 
0.000000 
0.000000 
0.000000 
0.000003 
0.000020 
0.000130 
0.000683 
0.002785 
0.008059 
0.013700 
0.008059 
0.002785 
0.000683 
0.000130 
0.000020 
0.000000 
0.000000 
0.000000 
0.000000 
0.000000 
0.000000 
0.000000 
0.000000 
0.000000 
0.000000 
0.000000 
0.000000 
0.000001 
0.000011 
0.000081 
0.000522 
0.002785 
0.011586 
0.034226 
0.059154 
0.034226 
0.011586 
0.002785 
0.000522 
0.000079 
0.000000 
0.000000 
0.000000 
0.000000 
0.000000 
0.000000 
0.000000 
0.000000 
0.000000 
0.000000 
0.000000 
0.000000 
0.000003 
0.000029 
0.000225 
0.001483 
0.008059 
0.034226 
0.103196 
0.181163 
0.103196 
0.034226 
0.008059 
0.001482 
0.000222 
0.000000 
0.000000 
0.000000 
0.000000 
0.000000 
0.000000 
0.000000 
0.000000 
0.000000 
0.000000 
0.000000 
0.000001 
0.000005 
0.000048 
0.000371 
0.002481 
0.013700 
0.059154 
0.181163 
0.321694 
0.181163 
0.059154 
0.013700 
0.002480 
0.000366 
0.000000 
0.000000 
0.000000 
0.000000 
0.000000 
0.000000 
0.000000 
0.000000 
0.000000 
0.000000 
0.000000 
0.000000 
0.000003 
0.000029 
0.000225 
0.001483 
0.008059 
0.034226 
0.103196 
0.181163 
0.103196 
0.034226 
0.008059 
0.001482 
0.000222 
0.000000 
0.000000 
0.000000 
0.000000 
0.000000 
0.000000 
0.000000 
0.000000 
0.000000 
0.000000 
0.000000 
0.000000 
0.000001 
0.000011 
0.000081 
0.000522 
0.002785 
0.011586 
0.034226 
0.059154 
0.034226 
0.011586 
0.002785 
0.000522 
0.000079 
0.000000 
0.000000 
0.000000 
0.000000 
0.000000 
0.000000 
0.000000 
0.000000 
0.000000 
0.000000 
0.000000 
0.000000 
0.000000 
0.000003 
0.000020 
0.000130 
0.000683 
0.002785 
0.008059 
0.013700 
0.008059 
0.002785 
0.000683 
0.000130 
0.000020 
0.000000 
0.000000 
0.000000 
0.000000 
0.000000 
0.000000 
0.000000 
0.000000 
0.000000 
0.000000 
0.000000 
0.000000 
0.000000 
0.000001 
0.000004 
0.000025 
0.000130 
0.000522 
0.001482 
0.002480 
0.001482 
0.000522 
0.000130 
0.000025 
0.000004 
0.000000 
0.000000 
0.000000 
0.000000 
0.000000 
0.000000 
0.000000 
0.000000 
0.000000 
0.000000 
0.000000 
0.000000 
0.000000 
0.000000 
0.000001 
0.000004 
0.000020 
0.000079 
0.000222 
0.000366 
0.000222 
0.000079 
0.000020 
0.000004 
0.000001 
