25.000000 25.000000 1.000000
0.000004 
0.000027 
0.000132 
0.000441 
0.000836 
0.000441 
0.000132 
0.000027 
0.000004 
0.000001 
0.000000 
0.000000 
0.000000 
0.000000 
0.000000 
0.000000 
0.000000 
0.000000 
0.000000 
0.000000 
0.000000 
0.000000 
0.000000 
0.000000 
0.000000 
0.000027 
0.000176 
0.000856 
0.002911 
0.005599 
0.002911 
0.000856 
0.000176 
0.000028 
0.000004 
0.000000 
0.000000 
0.000000 
0.000000 
0.000000 
0.000000 
0.000000 
0.000000 
0.000000 
0.000000 
0.000000 
0.000000 
0.000000 
0.000000 
0.000000 
0.000132 
0.000856 
0.004237 
0.014679 
0.028727 
0.014679 
0.004237 
0.000856 
0.000134 
0.000017 
0.000002 
0.000000 
0.000000 
0.000000 
0.000000 
0.000000 
0.000000 
0.000000 
0.000000 
0.000000 
0.000000 
0.000000 
0.000000 
0.000000 
0.000000 
0.000441 
0.002911 
0.014679 
0.051893 
0.103311 
0.051893 
0.014679 
0.002911 
0.000448 
0.000056 
0.000006 
0.000001 
0.000000 
0.000000 
0.000000 
0.000000 
0.000000 
0.000000 
0.000000 
0.000000 
0.000000 
0.000000 
0.000000 
0.000000 
0.000000 
0.000836 
0.005599 
0.028727 
0.103311 
0.208534 
0.103311 
0.028728 
0.005600 
0.000848 
0.000105 
0.000011 
0.000001 
0.000000 
0.000000 
0.000000 
0.000000 
0.000000 
0.000000 
0.000000 
0.000000 
0.000000 
0.000000 
0.000000 
0.000000 
0.000000 
0.000441 
0.002911 
0.014679 
0.051893 
0.103311 
0.051893 
0.014679 
0.002911 
0.000448 
0.000056 
0.000006 
0.000001 
0.000000 
0.000000 
0.000000 
0.000000 
0.000000 
0.000000 
0.000000 
0.000000 
0.000000 
0.000000 
0.000000 
0.000000 
0.000000 
0.000132 
0.000856 
0.004237 
0.014679 
0.028728 
0.014679 
0.004237 
0.000856 
0.000134 
0.000017 
0.000002 
0.000000 
0.000000 
0.000000 
0.000000 
0.000000 
0.000000 
0.000000 
0.000000 
0.000000 
0.000000 
0.000000 
0.000000 
0.000000 
0.000000 
0.000027 
0.000176 
0.000856 
0.002911 
0.005600 
0.002911 
0.000856 
0.000176 
0.000028 
0.000004 
0.000000 
0.000000 
0.000000 
0.000000 
0.000000 
0.000000 
0.000000 
0.000000 
0.000000 
0.000000 
0.000000 
0.000000 
0.000000 
0.000000 
0.000000 
0.000004 
0.000028 
0.000134 
0.000448 
0.000848 
0.000448 
0.000134 
0.000028 
0.000004 
0.000001 
0.000000 
0.000000 
0.000000 
0.000000 
0.000000 
0.000000 
0.000000 
0.000000 
0.000000 
0.000000 
0.000000 
0.000000 
0.000000 
0.000000 
0.000000 
0.000001 
0.000004 
0.000017 
0.000056 
0.000105 
0.000056 
0.000017 
0.000004 
0.000001 
0.000000 
0.000000 
0.000000 
0.000000 
0.000000 
0.000000 
0.000000 
0.000000 
0.000000 
0.000000 
0.000000 
0.000000 
0.000000 
0.000000 
0.000000 
0.000000 
0.000000 
0.000000 
0.000002 
0.000006 
0.000011 
0.000006 
0.000002 
0.000000 
0.000000 
0.000000 
0.000000 
0.000000 
0.000000 
0.000000 
0.000000 
0.000000 
0.000000 
0.000000 
0.000000 
0.000000 
0.000000 
0.000000 
0.000000 
0.000000 
0.000000 
0.000000 
0.000000 
0.000000 
0.000001 
0.000001 
0.000001 
0.000000 
0.000000 
0.000000 
0.000000 
0.000000 
0.000000 
0.000000 
0.000000 
0.000000 
0.000000 
0.000000 
0.000001 
0.000002 
0.000004 
0.000002 
0.000001 
0.000000 
0.000000 
0.000000 
0.000000 
0.000000 
0.000000 
0.000000 
0.000000 
0.000000 
0.000000 
0.000000 
0.000000 
0.000000 
0.000000 
0.000000 
0.000000 
0.000000 
0.000000 
0.000000 
0.000002 
0.000009 
0.000025 
0.000040 
0.000025 
0.000009 
0.000002 
0.000000 
0.000000 
0.000000 
0.000000 
0.000000 
0.000000 
0.000000 
0.000000 
0.000000 
0.000000 
0.000000 
0.000000 
0.000000 
0.000000 
0.000000 
0.000000 
0.000001 
0.000004 
0.000020 
0.000080 
0.000222 
0.000356 
0.000222 
0.000080 
0.000020 
0.000004 
0.000001 
0.000000 
0.000000 
0.000000 
0.000000 
0.000000 
0.000000 
0.000000 
0.000000 
0.000000 
0.000000 
0.000000 
0.000000 
0.000000 
0.000001 
0.000004 
0.000029 
0.000155 
0.000614 
0.001682 
0.002679 
0.001682 
0.000614 
0.000155 
0.000029 
0.000004 
0.000000 
0.000000 
0.000000 
0.000000 
0.000000 
0.000000 
0.000000 
0.000000 
0.000000 
0.000000 
0.000000 
0.000000 
0.000000 
0.000004 
0.000029 
0.000192 
0.000995 
0.003898 
0.010542 
0.016650 
0.010542 
0.003898 
0.000995 
0.000192 
0.000029 
0.000000 
0.000000 
0.000000 
0.000000 
0.000000 
0.000000 
0.000000 
0.000000 
0.000000 
0.000000 
0.000000 
0.000000 
0.000002 
0.000020 
0.000155 
0.000995 
0.005097 
0.019709 
0.052688 
0.082559 
0.052688 
0.019709 
0.005097 
0.000995 
0.000153 
0.000000 
0.000000 
0.000000 
0.000000 
0.000000 
0.000000 
0.000000 
0.000000 
0.000000 
0.000000 
0.000000 
0.000001 
0.000009 
0.000080 
0.000614 
0.003898 
0.019709 
0.075284 
0.199093 
0.309730 
0.199093 
0.075284 
0.019709 
0.003897 
0.000606 
0.000000 
0.000000 
0.000000 
0.000000 
0.000000 
0.000000 
0.000000 
0.000000 
0.000000 
0.000000 
0.000000 
0.000002 
0.000025 
0.000222 
0.001682 
0.010542 
0.052688 
0.199093 
0.521580 
0.806417 
0.521580 
0.199093 
0.052687 
0.010540 
0.001657 
0.000000 
0.000000 
0.000000 
0.000000 
0.000000 
0.000000 
0.000000 
0.000000 
0.000000 
0.000000 
0.000000 
0.000004 
0.000040 
0.000356 
0.002679 
0.016650 
0.082559 
0.309730 
0.806417 
1.241859 
0.806417 
0.309730 
0.082559 
0.016646 
0.002638 
0.000000 
0.000000 
0.000000 
0.000000 
0.000000 
0.000000 
0.000000 
0.000000 
0.000000 
0.000000 
0.000000 
0.000002 
0.000025 
0.000222 
0.001682 
0.010542 
0.052688 
0.199093 
0.521580 
0.806417 
0.521580 
0.199093 
0.052687 
0.010540 
0.001657 
0.000000 
0.000000 
0.000000 
0.000000 
0.000000 
0.000000 
0.000000 
0.000000 
0.000000 
0.000000 
0.000000 
0.000001 
0.000009 
0.000080 
0.000614 
0.003898 
0.019709 
0.075284 
0.199093 
0.309730 
0.199093 
0.075284 
0.019709 
0.003897 
0.000606 
0.000000 
0.000000 
0.000000 
0.000000 
0.000000 
0.000000 
0.000000 
0.000000 
0.000000 
0.000000 
0.000000 
0.000000 
0.000002 
0.000020 
0.000155 
0.000995 
0.005097 
0.019709 
0.052687 
0.082559 
0.052687 
0.019709 
0.005097 
0.000995 
0.000153 
0.000000 
0.000000 
0.000000 
0.000000 
0.000000 
0.000000 
0.000000 
0.000000 
0.000000 
0.000000 
0.000000 
0.000000 
0.000000 
0.000004 
0.000029 
0.000192 
0.000995 
0.003897 
0.010540 
0.016646 
0.010540 
0.003897 
0.000995 
0.000191 
0.000029 
0.000000 
0.000000 
0.000000 
0.000000 
0.000000 
0.000000 
0.000000 
0.000000 
0.000000 
0.000000 
0.000000 
0.000000 
0.000000 
0.000001 
0.000004 
0.000029 
0.000153 
0.000606 
0.001657 
0.002638 
0.001657 
0.000606 
0.000153 
0.000029 
0.000004 
