25.000000 25.000000 1.000000
0.000013 
0.000121 
0.000810 
0.003638 
0.008619 
0.003638 
0.000810 
0.000121 
0.000014 
0.000001 
0.000000 
0.000000 
0.000000 
0.000000 
0.000000 
0.000000 
0.000000 
0.000000 
0.000000 
0.000000 
0.000000 
0.000000 
0.000000 
0.000000 
0.000000 
0.000121 
0.001080 
0.007157 
0.031791 
0.074586 
0.031791 
0.007157 
0.001080 
0.000122 
0.000011 
0.000001 
0.000000 
0.000000 
0.000000 
0.000000 
0.000000 
0.000000 
0.000000 
0.000000 
0.000000 
0.000000 
0.000000 
0.000000 
0.000000 
0.000000 
0.000810 
0.007157 
0.046884 
0.205962 
0.478537 
0.205962 
0.046884 
0.007157 
0.000816 
0.000074 
0.000006 
0.000000 
0.000000 
0.000000 
0.000000 
0.000000 
0.000000 
0.000000 
0.000000 
0.000000 
0.000000 
0.000000 
0.000000 
0.000000 
0.000000 
0.003638 
0.031791 
0.205962 
0.895099 
2.060330 
0.895099 
0.205962 
0.031792 
0.003663 
0.000335 
0.000025 
0.000002 
0.000000 
0.000000 
0.000000 
0.000000 
0.000000 
0.000000 
0.000000 
0.000000 
0.000000 
0.000000 
0.000000 
0.000000 
0.000000 
0.008619 
0.074586 
0.478537 
2.060330 
4.704556 
2.060330 
0.478537 
0.074590 
0.008680 
0.000801 
0.000061 
0.000004 
0.000000 
0.000000 
0.000000 
0.000000 
0.000000 
0.000000 
0.000000 
0.000000 
0.000000 
0.000000 
0.000000 
0.000000 
0.000000 
0.003638 
0.031791 
0.205962 
0.895099 
2.060330 
0.895099 
0.205962 
0.031792 
0.003663 
0.000335 
0.000025 
0.000002 
0.000000 
0.000000 
0.000000 
0.000000 
0.000000 
0.000000 
0.000000 
0.000000 
0.000000 
0.000000 
0.000000 
0.000000 
0.000000 
0.000810 
0.007157 
0.046884 
0.205962 
0.478537 
0.205962 
0.046884 
0.007157 
0.000816 
0.000074 
0.000006 
0.000000 
0.000000 
0.000000 
0.000000 
0.000000 
0.000000 
0.000000 
0.000000 
0.000000 
0.000000 
0.000000 
0.000000 
0.000000 
0.000000 
0.000121 
0.001080 
0.007157 
0.031792 
0.074590 
0.031792 
0.007157 
0.001080 
0.000122 
0.000011 
0.000001 
0.000000 
0.000000 
0.000000 
0.000000 
0.000000 
0.000000 
0.000000 
0.000000 
0.000000 
0.000000 
0.000000 
0.000000 
0.000000 
0.000000 
0.000014 
0.000122 
0.000816 
0.003663 
0.008680 
0.003663 
0.000816 
0.000122 
0.000014 
0.000001 
0.000000 
0.000000 
0.000000 
0.000000 
0.000000 
0.000000 
0.000000 
0.000000 
0.000000 
0.000000 
0.000000 
0.000000 
0.000000 
0.000000 
0.000000 
0.000001 
0.000011 
0.000074 
0.000335 
0.000801 
0.000335 
0.000074 
0.000011 
0.000001 
0.000000 
0.000000 
0.000000 
0.000000 
0.000000 
0.000000 
0.000000 
0.000000 
0.000000 
0.000000 
0.000000 
0.000000 
0.000000 
0.000000 
0.000000 
0.000000 
0.000000 
0.000001 
0.000006 
0.000025 
0.000061 
0.000025 
0.000006 
0.000001 
0.000000 
0.000000 
0.000000 
0.000000 
0.000000 
0.000000 
0.000000 
0.000000 
0.000000 
0.000000 
0.000000 
0.000000 
0.000000 
0.000000 
0.000000 
0.000000 
0.000000 
0.000000 
0.000000 
0.000000 
0.000002 
0.000004 
0.000002 
0.000000 
0.000000 
0.000000 
0.000000 
0.000000 
0.000000 
0.000000 
0.000000 
0.000000 
0.000000 
0.000000 
0.000000 
0.000000 
0.000000 
0.000000 
0.000000 
0.000000 
0.000000 
0.000000 
0.000000 
0.000000 
0.000000 
0.000000 
0.000000 
0.000000 
0.000000 
0.000000 
0.000000 
0.000000 
0.000000 
0.000000 
0.000000 
0.000000 
0.000000 
0.000000 
0.000000 
0.000001 
0.000002 
0.000004 
0.000002 
0.000001 
0.000000 
0.000000 
0.000000 
0.000000 
0.000000 
0.000000 
0.000000 
0.000000 
0.000000 
0.000000 
0.000000 
0.000000 
0.000000 
0.000000 
0.000000 
0.000000 
0.000000 
0.000000 
0.000000 
0.000002 
0.000008 
0.000022 
0.000038 
0.000022 
0.000008 
0.000002 
0.000000 
0.000000 
0.000000 
0.000000 
0.000000 
0.000000 
0.000000 
0.000000 
0.000000 
0.000000 
0.000000 
0.000000 
0.000000 
0.000000 
0.000000 
0.000000 
0.000000 
0.000003 
0.000015 
0.000063 
0.000184 
0.000314 
0.000184 
0.000063 
0.000015 
0.000003 
0.000000 
0.000000 
0.000000 
0.000000 
0.000000 
0.000000 
0.000000 
0.000000 
0.000000 
0.000000 
0.000000 
0.000000 
0.000000 
0.000000 
0.000000 
0.000003 
0.000019 
0.000102 
0.000430 
0.001282 
0.002224 
0.001282 
0.000430 
0.000102 
0.000019 
0.000003 
0.000000 
0.000000 
0.000000 
0.000000 
0.000000 
0.000000 
0.000000 
0.000000 
0.000000 
0.000000 
0.000000 
0.000000 
0.000000 
0.000002 
0.000015 
0.000102 
0.000563 
0.002423 
0.007363 
0.012981 
0.007363 
0.002423 
0.000563 
0.000101 
0.000015 
0.000000 
0.000000 
0.000000 
0.000000 
0.000000 
0.000000 
0.000000 
0.000000 
0.000000 
0.000000 
0.000000 
0.000000 
0.000001 
0.000008 
0.000063 
0.000430 
0.002423 
0.010629 
0.032955 
0.059096 
0.032955 
0.010629 
0.002423 
0.000430 
0.000062 
0.000000 
0.000000 
0.000000 
0.000000 
0.000000 
0.000000 
0.000000 
0.000000 
0.000000 
0.000000 
0.000000 
0.000000 
0.000002 
0.000022 
0.000184 
0.001282 
0.007363 
0.032955 
0.104297 
0.190090 
0.104297 
0.032955 
0.007363 
0.001282 
0.000181 
0.000000 
0.000000 
0.000000 
0.000000 
0.000000 
0.000000 
0.000000 
0.000000 
0.000000 
0.000000 
0.000000 
0.000000 
0.000004 
0.000038 
0.000314 
0.002224 
0.012981 
0.059096 
0.190090 
0.350729 
0.190090 
0.059096 
0.012981 
0.002224 
0.000310 
0.000000 
0.000000 
0.000000 
0.000000 
0.000000 
0.000000 
0.000000 
0.000000 
0.000000 
0.000000 
0.000000 
0.000000 
0.000002 
0.000022 
0.000184 
0.001282 
0.007363 
0.032955 
0.104297 
0.190090 
0.104297 
0.032955 
0.007363 
0.001282 
0.000181 
0.000000 
0.000000 
0.000000 
0.000000 
0.000000 
0.000000 
0.000000 
0.000000 
0.000000 
0.000000 
0.000000 
0.000000 
0.000001 
0.000008 
0.000063 
0.000430 
0.002423 
0.010629 
0.032955 
0.059096 
0.032955 
0.010629 
0.002423 
0.000430 
0.000062 
0.000000 
0.000000 
0.000000 
0.000000 
0.000000 
0.000000 
0.000000 
0.000000 
0.000000 
0.000000 
0.000000 
0.000000 
0.000000 
0.000002 
0.000015 
0.000102 
0.000563 
0.002423 
0.007363 
0.012981 
0.007363 
0.002423 
0.000563 
0.000101 
0.000015 
0.000000 
0.000000 
0.000000 
0.000000 
0.000000 
0.000000 
0.000000 
0.000000 
0.000000 
0.000000 
0.000000 
0.000000 
0.000000 
0.000000 
0.000003 
0.000019 
0.000101 
0.000430 
0.001282 
0.002224 
0.001282 
0.000430 
0.000101 
0.000019 
0.000003 
0.000000 
0.000000 
0.000000 
0.000000 
0.000000 
0.000000 
0.000000 
0.000000 
0.000000 
0.000000 
0.000000 
0.000000 
0.000000 
0.000000 
0.000000 
0.000003 
0.000015 
0.000062 
0.000181 
0.000310 
0.000181 
0.000062 
0.000015 
0.000003 
0.000000 
