25.000000 25.000000 1.000000
0.000003 
0.000022 
0.000112 
0.000388 
0.000759 
0.000388 
0.000112 
0.000022 
0.000003 
0.000000 
0.000000 
0.000000 
0.000000 
0.000000 
0.000000 
0.000000 
0.000000 
0.000000 
0.000000 
0.000000 
0.000000 
0.000000 
0.000000 
0.000000 
0.000000 
0.000022 
0.000149 
0.000755 
0.002667 
0.005290 
0.002667 
0.000755 
0.000149 
0.000023 
0.000003 
0.000000 
0.000000 
0.000000 
0.000000 
0.000000 
0.000000 
0.000000 
0.000000 
0.000000 
0.000000 
0.000000 
0.000000 
0.000000 
0.000000 
0.000000 
0.000112 
0.000755 
0.003891 
0.014001 
0.028249 
0.014001 
0.003891 
0.000755 
0.000113 
0.000014 
0.000001 
0.000000 
0.000000 
0.000000 
0.000000 
0.000000 
0.000000 
0.000000 
0.000000 
0.000000 
0.000000 
0.000000 
0.000000 
0.000000 
0.000000 
0.000388 
0.002667 
0.014001 
0.051383 
0.105479 
0.051383 
0.014001 
0.002668 
0.000393 
0.000047 
0.000005 
0.000000 
0.000000 
0.000000 
0.000000 
0.000000 
0.000000 
0.000000 
0.000000 
0.000000 
0.000000 
0.000000 
0.000000 
0.000000 
0.000000 
0.000759 
0.005290 
0.028249 
0.105479 
0.219623 
0.105479 
0.028249 
0.005291 
0.000768 
0.000091 
0.000009 
0.000001 
0.000000 
0.000000 
0.000000 
0.000000 
0.000000 
0.000000 
0.000000 
0.000000 
0.000000 
0.000000 
0.000000 
0.000000 
0.000000 
0.000388 
0.002667 
0.014001 
0.051383 
0.105479 
0.051383 
0.014001 
0.002668 
0.000393 
0.000047 
0.000005 
0.000000 
0.000000 
0.000000 
0.000000 
0.000000 
0.000000 
0.000000 
0.000000 
0.000000 
0.000000 
0.000000 
0.000000 
0.000000 
0.000000 
0.000112 
0.000755 
0.003891 
0.014001 
0.028249 
0.014001 
0.003891 
0.000755 
0.000113 
0.000014 
0.000001 
0.000000 
0.000000 
0.000000 
0.000000 
0.000000 
0.000000 
0.000000 
0.000000 
0.000000 
0.000000 
0.000000 
0.000000 
0.000000 
0.000000 
0.000022 
0.000149 
0.000755 
0.002668 
0.005291 
0.002668 
0.000755 
0.000149 
0.000023 
0.000003 
0.000000 
0.000000 
0.000000 
0.000000 
0.000000 
0.000000 
0.000000 
0.000000 
0.000000 
0.000000 
0.000000 
0.000000 
0.000000 
0.000000 
0.000000 
0.000003 
0.000023 
0.000113 
0.000393 
0.000768 
0.000393 
0.000113 
0.000023 
0.000003 
0.000000 
0.000000 
0.000000 
0.000000 
0.000000 
0.000000 
0.000000 
0.000000 
0.000000 
0.000000 
0.000000 
0.000000 
0.000000 
0.000000 
0.000000 
0.000000 
0.000000 
0.000003 
0.000014 
0.000047 
0.000091 
0.000047 
0.000014 
0.000003 
0.000000 
0.000000 
0.000000 
0.000000 
0.000000 
0.000000 
0.000000 
0.000000 
0.000000 
0.000000 
0.000000 
0.000000 
0.000000 
0.000000 
0.000000 
0.000000 
0.000000 
0.000000 
0.000000 
0.000001 
0.000005 
0.000009 
0.000005 
0.000001 
0.000000 
0.000000 
0.000000 
0.000000 
0.000000 
0.000000 
0.000000 
0.000000 
0.000000 
0.000000 
0.000000 
0.000000 
0.000000 
0.000000 
0.000000 
0.000000 
0.000000 
0.000000 
0.000000 
0.000000 
0.000000 
0.000000 
0.000001 
0.000000 
0.000000 
0.000000 
0.000000 
0.000000 
0.000000 
0.000000 
0.000000 
0.000000 
0.000000 
0.000000 
0.000000 
0.000001 
0.000002 
0.000003 
0.000002 
0.000001 
0.000000 
0.000000 
0.000000 
0.000000 
0.000000 
0.000000 
0.000000 
0.000000 
0.000000 
0.000000 
0.000000 
0.000000 
0.000000 
0.000000 
0.000000 
0.000000 
0.000000 
0.000000 
0.000000 
0.000002 
0.000007 
0.000020 
0.000034 
0.000020 
0.000007 
0.000002 
0.000000 
0.000000 
0.000000 
0.000000 
0.000000 
0.000000 
0.000000 
0.000000 
0.000000 
0.000000 
0.000000 
0.000000 
0.000000 
0.000000 
0.000000 
0.000000 
0.000000 
0.000003 
0.000016 
0.000066 
0.000192 
0.000317 
0.000192 
0.000066 
0.000016 
0.000003 
0.000000 
0.000000 
0.000000 
0.000000 
0.000000 
0.000000 
0.000000 
0.000000 
0.000000 
0.000000 
0.000000 
0.000000 
0.000000 
0.000000 
0.000000 
0.000003 
0.000023 
0.000129 
0.000536 
0.001527 
0.002500 
0.001527 
0.000536 
0.000129 
0.000023 
0.000003 
0.000000 
0.000000 
0.000000 
0.000000 
0.000000 
0.000000 
0.000000 
0.000000 
0.000000 
0.000000 
0.000000 
0.000000 
0.000000 
0.000003 
0.000023 
0.000160 
0.000870 
0.003560 
0.010014 
0.016250 
0.010014 
0.003560 
0.000870 
0.000160 
0.000023 
0.000000 
0.000000 
0.000000 
0.000000 
0.000000 
0.000000 
0.000000 
0.000000 
0.000000 
0.000000 
0.000000 
0.000000 
0.000002 
0.000016 
0.000129 
0.000870 
0.004663 
0.018824 
0.052286 
0.084119 
0.052286 
0.018824 
0.004663 
0.000870 
0.000127 
0.000000 
0.000000 
0.000000 
0.000000 
0.000000 
0.000000 
0.000000 
0.000000 
0.000000 
0.000000 
0.000000 
0.000001 
0.000007 
0.000066 
0.000536 
0.003560 
0.018824 
0.074995 
0.205901 
0.328624 
0.205901 
0.074995 
0.018823 
0.003560 
0.000529 
0.000000 
0.000000 
0.000000 
0.000000 
0.000000 
0.000000 
0.000000 
0.000000 
0.000000 
0.000000 
0.000000 
0.000002 
0.000020 
0.000192 
0.001527 
0.010014 
0.052286 
0.205901 
0.559545 
0.886881 
0.559545 
0.205901 
0.052286 
0.010012 
0.001506 
0.000000 
0.000000 
0.000000 
0.000000 
0.000000 
0.000000 
0.000000 
0.000000 
0.000000 
0.000000 
0.000000 
0.000003 
0.000034 
0.000317 
0.002500 
0.016250 
0.084119 
0.328624 
0.886881 
1.399289 
0.886881 
0.328624 
0.084119 
0.016247 
0.002466 
0.000000 
0.000000 
0.000000 
0.000000 
0.000000 
0.000000 
0.000000 
0.000000 
0.000000 
0.000000 
0.000000 
0.000002 
0.000020 
0.000192 
0.001527 
0.010014 
0.052286 
0.205901 
0.559545 
0.886881 
0.559545 
0.205901 
0.052286 
0.010012 
0.001506 
0.000000 
0.000000 
0.000000 
0.000000 
0.000000 
0.000000 
0.000000 
0.000000 
0.000000 
0.000000 
0.000000 
0.000001 
0.000007 
0.000066 
0.000536 
0.003560 
0.018824 
0.074995 
0.205901 
0.328624 
0.205901 
0.074995 
0.018823 
0.003560 
0.000529 
0.000000 
0.000000 
0.000000 
0.000000 
0.000000 
0.000000 
0.000000 
0.000000 
0.000000 
0.000000 
0.000000 
0.000000 
0.000002 
0.000016 
0.000129 
0.000870 
0.004663 
0.018823 
0.052286 
0.084119 
0.052286 
0.018823 
0.004663 
0.000870 
0.000127 
0.000000 
0.000000 
0.000000 
0.000000 
0.000000 
0.000000 
0.000000 
0.000000 
0.000000 
0.000000 
0.000000 
0.000000 
0.000000 
0.000003 
0.000023 
0.000160 
0.000870 
0.003560 
0.010012 
0.016247 
0.010012 
0.003560 
0.000870 
0.000160 
0.000023 
0.000000 
0.000000 
0.000000 
0.000000 
0.000000 
0.000000 
0.000000 
0.000000 
0.000000 
0.000000 
0.000000 
0.000000 
0.000000 
0.000000 
0.000003 
0.000023 
0.000127 
0.000529 
0.001506 
0.002466 
0.001506 
0.000529 
0.000127 
0.000023 
0.000003 
