25.000000 25.000000 1.000000
0.000007 
0.000042 
0.000186 
0.000572 
0.001017 
0.000572 
0.000186 
0.000042 
0.000007 
0.000001 
0.000000 
0.000000 
0.000000 
0.000000 
0.000000 
0.000000 
0.000000 
0.000000 
0.000000 
0.000000 
0.000000 
0.000000 
0.000000 
0.000000 
0.000000 
0.000042 
0.000248 
0.001103 
0.003458 
0.006245 
0.003458 
0.001103 
0.000248 
0.000043 
0.000006 
0.000001 
0.000000 
0.000000 
0.000000 
0.000000 
0.000000 
0.000000 
0.000000 
0.000000 
0.000000 
0.000000 
0.000000 
0.000000 
0.000000 
0.000000 
0.000186 
0.001103 
0.005006 
0.016013 
0.029416 
0.016013 
0.005006 
0.001103 
0.000189 
0.000026 
0.000003 
0.000000 
0.000000 
0.000000 
0.000000 
0.000000 
0.000000 
0.000000 
0.000000 
0.000000 
0.000000 
0.000000 
0.000000 
0.000000 
0.000000 
0.000572 
0.003458 
0.016013 
0.052280 
0.097647 
0.052280 
0.016013 
0.003459 
0.000581 
0.000080 
0.000009 
0.000001 
0.000000 
0.000000 
0.000000 
0.000000 
0.000000 
0.000000 
0.000000 
0.000000 
0.000000 
0.000000 
0.000000 
0.000000 
0.000000 
0.001017 
0.006245 
0.029416 
0.097647 
0.184718 
0.097647 
0.029417 
0.006247 
0.001033 
0.000141 
0.000016 
0.000002 
0.000000 
0.000000 
0.000000 
0.000000 
0.000000 
0.000000 
0.000000 
0.000000 
0.000000 
0.000000 
0.000000 
0.000000 
0.000000 
0.000572 
0.003458 
0.016013 
0.052280 
0.097647 
0.052280 
0.016013 
0.003459 
0.000581 
0.000080 
0.000009 
0.000001 
0.000000 
0.000000 
0.000000 
0.000000 
0.000000 
0.000000 
0.000000 
0.000000 
0.000000 
0.000000 
0.000000 
0.000000 
0.000000 
0.000186 
0.001103 
0.005006 
0.016013 
0.029417 
0.016013 
0.005006 
0.001103 
0.000189 
0.000026 
0.000003 
0.000000 
0.000000 
0.000000 
0.000000 
0.000000 
0.000000 
0.000000 
0.000000 
0.000000 
0.000000 
0.000000 
0.000000 
0.000000 
0.000000 
0.000042 
0.000248 
0.001103 
0.003459 
0.006247 
0.003459 
0.001103 
0.000248 
0.000043 
0.000006 
0.000001 
0.000000 
0.000000 
0.000000 
0.000000 
0.000000 
0.000000 
0.000000 
0.000000 
0.000000 
0.000000 
0.000000 
0.000000 
0.000000 
0.000000 
0.000007 
0.000043 
0.000189 
0.000581 
0.001033 
0.000581 
0.000189 
0.000043 
0.000008 
0.000001 
0.000000 
0.000000 
0.000000 
0.000000 
0.000000 
0.000000 
0.000000 
0.000000 
0.000000 
0.000000 
0.000000 
0.000000 
0.000000 
0.000000 
0.000000 
0.000001 
0.000006 
0.000026 
0.000080 
0.000141 
0.000080 
0.000026 
0.000006 
0.000001 
0.000000 
0.000000 
0.000000 
0.000000 
0.000000 
0.000000 
0.000000 
0.000000 
0.000000 
0.000000 
0.000000 
0.000000 
0.000000 
0.000000 
0.000000 
0.000000 
0.000000 
0.000001 
0.000003 
0.000009 
0.000016 
0.000009 
0.000003 
0.000001 
0.000000 
0.000000 
0.000000 
0.000000 
0.000000 
0.000000 
0.000000 
0.000000 
0.000000 
0.000000 
0.000000 
0.000001 
0.000000 
0.000000 
0.000000 
0.000000 
0.000000 
0.000000 
0.000000 
0.000000 
0.000001 
0.000002 
0.000001 
0.000000 
0.000000 
0.000000 
0.000000 
0.000000 
0.000000 
0.000000 
0.000000 
0.000000 
0.000000 
0.000000 
0.000002 
0.000004 
0.000006 
0.000004 
0.000002 
0.000000 
0.000000 
0.000000 
0.000000 
0.000000 
0.000000 
0.000000 
0.000000 
0.000000 
0.000000 
0.000000 
0.000000 
0.000000 
0.000000 
0.000000 
0.000000 
0.000000 
0.000000 
0.000001 
0.000004 
0.000014 
0.000037 
0.000056 
0.000037 
0.000014 
0.000004 
0.000001 
0.000000 
0.000000 
0.000000 
0.000000 
0.000000 
0.000000 
0.000000 
0.000000 
0.000000 
0.000000 
0.000000 
0.000000 
0.000000 
0.000000 
0.000000 
0.000001 
0.000007 
0.000032 
0.000116 
0.000295 
0.000448 
0.000295 
0.000116 
0.000032 
0.000007 
0.000001 
0.000000 
0.000000 
0.000000 
0.000000 
0.000000 
0.000000 
0.000000 
0.000000 
0.000000 
0.000000 
0.000000 
0.000000 
0.000000 
0.000001 
0.000008 
0.000047 
0.000223 
0.000805 
0.002027 
0.003051 
0.002027 
0.000805 
0.000223 
0.000047 
0.000008 
0.000000 
0.000000 
0.000000 
0.000000 
0.000000 
0.000000 
0.000000 
0.000000 
0.000000 
0.000000 
0.000000 
0.000000 
0.000001 
0.000007 
0.000047 
0.000276 
0.001296 
0.004626 
0.011521 
0.017225 
0.011521 
0.004626 
0.001296 
0.000275 
0.000046 
0.000000 
0.000000 
0.000000 
0.000000 
0.000000 
0.000000 
0.000000 
0.000000 
0.000000 
0.000000 
0.000000 
0.000000 
0.000004 
0.000032 
0.000223 
0.001296 
0.006023 
0.021256 
0.052423 
0.077886 
0.052423 
0.021256 
0.006023 
0.001296 
0.000219 
0.000000 
0.000000 
0.000000 
0.000000 
0.000000 
0.000000 
0.000000 
0.000000 
0.000000 
0.000000 
0.000000 
0.000002 
0.000014 
0.000116 
0.000805 
0.004626 
0.021256 
0.074225 
0.181411 
0.267998 
0.181411 
0.074225 
0.021256 
0.004624 
0.000791 
0.000000 
0.000000 
0.000000 
0.000000 
0.000000 
0.000000 
0.000000 
0.000000 
0.000000 
0.000000 
0.000000 
0.000004 
0.000037 
0.000295 
0.002027 
0.011521 
0.052423 
0.181411 
0.439969 
0.646881 
0.439969 
0.181411 
0.052423 
0.011517 
0.001990 
0.000000 
0.000000 
0.000000 
0.000000 
0.000000 
0.000000 
0.000000 
0.000000 
0.000000 
0.000000 
0.000001 
0.000006 
0.000056 
0.000448 
0.003051 
0.017225 
0.077886 
0.267998 
0.646881 
0.948401 
0.646881 
0.267998 
0.077885 
0.017219 
0.002995 
0.000000 
0.000000 
0.000000 
0.000000 
0.000000 
0.000000 
0.000000 
0.000000 
0.000000 
0.000000 
0.000000 
0.000004 
0.000037 
0.000295 
0.002027 
0.011521 
0.052423 
0.181411 
0.439969 
0.646881 
0.439969 
0.181411 
0.052423 
0.011517 
0.001990 
0.000000 
0.000000 
0.000000 
0.000000 
0.000000 
0.000000 
0.000000 
0.000000 
0.000000 
0.000000 
0.000000 
0.000002 
0.000014 
0.000116 
0.000805 
0.004626 
0.021256 
0.074225 
0.181411 
0.267998 
0.181411 
0.074225 
0.021256 
0.004624 
0.000791 
0.000000 
0.000000 
0.000000 
0.000000 
0.000000 
0.000000 
0.000000 
0.000000 
0.000000 
0.000000 
0.000000 
0.000000 
0.000004 
0.000032 
0.000223 
0.001296 
0.006023 
0.021256 
0.052423 
0.077885 
0.052423 
0.021256 
0.006023 
0.001296 
0.000219 
0.000000 
0.000000 
0.000000 
0.000000 
0.000000 
0.000000 
0.000000 
0.000000 
0.000000 
0.000000 
0.000000 
0.000000 
0.000001 
0.000007 
0.000047 
0.000275 
0.001296 
0.004624 
0.011517 
0.017219 
0.011517 
0.004624 
0.001296 
0.000275 
0.000046 
0.000000 
0.000000 
0.000000 
0.000000 
0.000000 
0.000000 
0.000000 
0.000000 
0.000000 
0.000000 
0.000000 
0.000000 
0.000000 
0.000001 
0.000008 
0.000046 
0.000219 
0.000791 
0.001990 
0.002995 
0.001990 
0.000791 
0.000219 
0.000046 
0.000008 
