25.000000 25.000000 1.000000
0.000014 
0.000070 
0.000275 
0.000766 
0.001264 
0.000766 
0.000275 
0.000070 
0.000014 
0.000002 
0.000000 
0.000000 
0.000000 
0.000000 
0.000000 
0.000000 
0.000000 
0.000000 
0.000000 
0.000000 
0.000000 
0.000000 
0.000000 
0.000000 
0.000000 
0.000070 
0.000366 
0.001464 
0.004158 
0.006974 
0.004158 
0.001464 
0.000366 
0.000071 
0.000011 
0.000002 
0.000000 
0.000000 
0.000000 
0.000000 
0.000000 
0.000000 
0.000000 
0.000000 
0.000000 
0.000000 
0.000000 
0.000000 
0.000000 
0.000000 
0.000275 
0.001464 
0.005971 
0.017320 
0.029529 
0.017320 
0.005971 
0.001464 
0.000280 
0.000044 
0.000006 
0.000001 
0.000000 
0.000000 
0.000000 
0.000000 
0.000000 
0.000000 
0.000000 
0.000000 
0.000000 
0.000000 
0.000000 
0.000000 
0.000000 
0.000766 
0.004158 
0.017320 
0.051276 
0.088771 
0.051276 
0.017320 
0.004160 
0.000782 
0.000121 
0.000016 
0.000002 
0.000000 
0.000000 
0.000000 
0.000000 
0.000000 
0.000000 
0.000000 
0.000000 
0.000000 
0.000000 
0.000000 
0.000000 
0.000000 
0.001264 
0.006974 
0.029529 
0.088771 
0.155398 
0.088771 
0.029529 
0.006977 
0.001290 
0.000197 
0.000026 
0.000003 
0.000000 
0.000000 
0.000000 
0.000000 
0.000000 
0.000000 
0.000000 
0.000000 
0.000000 
0.000000 
0.000000 
0.000000 
0.000000 
0.000766 
0.004158 
0.017320 
0.051276 
0.088771 
0.051276 
0.017320 
0.004160 
0.000782 
0.000121 
0.000016 
0.000002 
0.000000 
0.000000 
0.000000 
0.000000 
0.000000 
0.000000 
0.000000 
0.000000 
0.000000 
0.000000 
0.000000 
0.000000 
0.000000 
0.000275 
0.001464 
0.005971 
0.017320 
0.029529 
0.017320 
0.005971 
0.001464 
0.000280 
0.000044 
0.000006 
0.000001 
0.000000 
0.000000 
0.000000 
0.000000 
0.000000 
0.000000 
0.000000 
0.000000 
0.000000 
0.000000 
0.000000 
0.000000 
0.000000 
0.000070 
0.000366 
0.001464 
0.004160 
0.006977 
0.004160 
0.001464 
0.000367 
0.000071 
0.000011 
0.000002 
0.000000 
0.000000 
0.000000 
0.000000 
0.000000 
0.000000 
0.000000 
0.000000 
0.000000 
0.000000 
0.000000 
0.000000 
0.000000 
0.000000 
0.000014 
0.000071 
0.000280 
0.000782 
0.001290 
0.000782 
0.000280 
0.000071 
0.000014 
0.000002 
0.000000 
0.000000 
0.000000 
0.000000 
0.000000 
0.000000 
0.000000 
0.000000 
0.000000 
0.000000 
0.000000 
0.000000 
0.000000 
0.000000 
0.000000 
0.000002 
0.000011 
0.000044 
0.000121 
0.000197 
0.000121 
0.000044 
0.000011 
0.000002 
0.000000 
0.000000 
0.000000 
0.000000 
0.000000 
0.000000 
0.000000 
0.000000 
0.000000 
0.000000 
0.000000 
0.000000 
0.000000 
0.000000 
0.000000 
0.000000 
0.000000 
0.000002 
0.000006 
0.000016 
0.000026 
0.000016 
0.000006 
0.000002 
0.000000 
0.000000 
0.000000 
0.000000 
0.000000 
0.000000 
0.000000 
0.000000 
0.000000 
0.000000 
0.000001 
0.000001 
0.000001 
0.000000 
0.000000 
0.000000 
0.000000 
0.000000 
0.000000 
0.000001 
0.000002 
0.000003 
0.000002 
0.000001 
0.000000 
0.000000 
0.000000 
0.000000 
0.000000 
0.000000 
0.000000 
0.000000 
0.000000 
0.000001 
0.000003 
0.000007 
0.000010 
0.000007 
0.000003 
0.000001 
0.000000 
0.000000 
0.000000 
0.000000 
0.000000 
0.000000 
0.000000 
0.000000 
0.000000 
0.000000 
0.000000 
0.000000 
0.000000 
0.000000 
0.000000 
0.000000 
0.000000 
0.000002 
0.000008 
0.000025 
0.000057 
0.000081 
0.000057 
0.000025 
0.000008 
0.000002 
0.000000 
0.000000 
0.000000 
0.000000 
0.000000 
0.000000 
0.000000 
0.000000 
0.000000 
0.000000 
0.000000 
0.000000 
0.000000 
0.000000 
0.000000 
0.000002 
0.000013 
0.000054 
0.000176 
0.000405 
0.000575 
0.000405 
0.000176 
0.000054 
0.000013 
0.000002 
0.000000 
0.000000 
0.000000 
0.000000 
0.000000 
0.000000 
0.000000 
0.000000 
0.000000 
0.000000 
0.000000 
0.000000 
0.000000 
0.000002 
0.000015 
0.000080 
0.000335 
0.001076 
0.002446 
0.003455 
0.002446 
0.001076 
0.000335 
0.000080 
0.000015 
0.000000 
0.000000 
0.000000 
0.000000 
0.000000 
0.000000 
0.000000 
0.000000 
0.000000 
0.000000 
0.000000 
0.000000 
0.000002 
0.000013 
0.000080 
0.000412 
0.001714 
0.005455 
0.012302 
0.017291 
0.012302 
0.005455 
0.001714 
0.000412 
0.000078 
0.000000 
0.000000 
0.000000 
0.000000 
0.000000 
0.000000 
0.000000 
0.000000 
0.000000 
0.000000 
0.000000 
0.000001 
0.000008 
0.000054 
0.000335 
0.001714 
0.007058 
0.022250 
0.049791 
0.069667 
0.049791 
0.022250 
0.007058 
0.001713 
0.000327 
0.000000 
0.000000 
0.000000 
0.000000 
0.000000 
0.000000 
0.000000 
0.000000 
0.000000 
0.000000 
0.000000 
0.000003 
0.000025 
0.000176 
0.001076 
0.005455 
0.022250 
0.069555 
0.154551 
0.215371 
0.154551 
0.069555 
0.022250 
0.005452 
0.001051 
0.000000 
0.000000 
0.000000 
0.000000 
0.000000 
0.000000 
0.000000 
0.000000 
0.000000 
0.000000 
0.000001 
0.000007 
0.000057 
0.000405 
0.002446 
0.012302 
0.049791 
0.154551 
0.341424 
0.474244 
0.341424 
0.154551 
0.049790 
0.012295 
0.002389 
0.000000 
0.000000 
0.000000 
0.000000 
0.000000 
0.000000 
0.000000 
0.000000 
0.000000 
0.000000 
0.000001 
0.000010 
0.000081 
0.000575 
0.003455 
0.017291 
0.069667 
0.215371 
0.474244 
0.657592 
0.474244 
0.215371 
0.069666 
0.017281 
0.003373 
0.000000 
0.000000 
0.000000 
0.000000 
0.000000 
0.000000 
0.000000 
0.000000 
0.000000 
0.000000 
0.000001 
0.000007 
0.000057 
0.000405 
0.002446 
0.012302 
0.049791 
0.154551 
0.341424 
0.474244 
0.341424 
0.154551 
0.049790 
0.012295 
0.002389 
0.000000 
0.000000 
0.000000 
0.000000 
0.000000 
0.000000 
0.000000 
0.000000 
0.000000 
0.000000 
0.000000 
0.000003 
0.000025 
0.000176 
0.001076 
0.005455 
0.022250 
0.069555 
0.154551 
0.215371 
0.154551 
0.069555 
0.022250 
0.005452 
0.001051 
0.000000 
0.000000 
0.000000 
0.000000 
0.000000 
0.000000 
0.000000 
0.000000 
0.000000 
0.000000 
0.000000 
0.000001 
0.000008 
0.000054 
0.000335 
0.001714 
0.007058 
0.022250 
0.049790 
0.069666 
0.049790 
0.022250 
0.007058 
0.001713 
0.000327 
0.000000 
0.000000 
0.000000 
0.000000 
0.000000 
0.000000 
0.000000 
0.000000 
0.000000 
0.000000 
0.000000 
0.000000 
0.000002 
0.000013 
0.000080 
0.000412 
0.001713 
0.005452 
0.012295 
0.017281 
0.012295 
0.005452 
0.001713 
0.000412 
0.000078 
0.000000 
0.000000 
0.000000 
0.000000 
0.000000 
0.000000 
0.000000 
0.000000 
0.000000 
0.000000 
0.000000 
0.000000 
0.000000 
0.000002 
0.000015 
0.000078 
0.000327 
0.001051 
0.002389 
0.003373 
0.002389 
0.001051 
0.000327 
0.000078 
0.000015 
