25.000000 25.000000 1.000000
0.000015 
0.000076 
0.000294 
0.000804 
0.001311 
0.000804 
0.000294 
0.000076 
0.000015 
0.000003 
0.000000 
0.000000 
0.000000 
0.000000 
0.000000 
0.000000 
0.000000 
0.000000 
0.000000 
0.000000 
0.000000 
0.000000 
0.000000 
0.000000 
0.000000 
0.000076 
0.000392 
0.001535 
0.004284 
0.007092 
0.004284 
0.001535 
0.000392 
0.000078 
0.000013 
0.000002 
0.000000 
0.000000 
0.000000 
0.000000 
0.000000 
0.000000 
0.000000 
0.000000 
0.000000 
0.000000 
0.000000 
0.000000 
0.000000 
0.000000 
0.000294 
0.001535 
0.006141 
0.017502 
0.029450 
0.017502 
0.006141 
0.001536 
0.000300 
0.000048 
0.000007 
0.000001 
0.000000 
0.000000 
0.000000 
0.000000 
0.000000 
0.000000 
0.000000 
0.000000 
0.000000 
0.000000 
0.000000 
0.000000 
0.000000 
0.000804 
0.004284 
0.017502 
0.050904 
0.086954 
0.050904 
0.017502 
0.004286 
0.000822 
0.000130 
0.000018 
0.000002 
0.000000 
0.000000 
0.000000 
0.000000 
0.000000 
0.000000 
0.000000 
0.000000 
0.000000 
0.000000 
0.000000 
0.000000 
0.000000 
0.001311 
0.007092 
0.029450 
0.086954 
0.150145 
0.086954 
0.029450 
0.007096 
0.001339 
0.000209 
0.000028 
0.000003 
0.000000 
0.000000 
0.000000 
0.000000 
0.000000 
0.000000 
0.000000 
0.000000 
0.000000 
0.000000 
0.000000 
0.000000 
0.000000 
0.000804 
0.004284 
0.017502 
0.050904 
0.086954 
0.050904 
0.017502 
0.004286 
0.000822 
0.000130 
0.000018 
0.000002 
0.000000 
0.000000 
0.000000 
0.000000 
0.000000 
0.000000 
0.000000 
0.000000 
0.000000 
0.000000 
0.000000 
0.000000 
0.000000 
0.000294 
0.001535 
0.006141 
0.017502 
0.029450 
0.017502 
0.006141 
0.001536 
0.000300 
0.000048 
0.000007 
0.000001 
0.000000 
0.000000 
0.000000 
0.000000 
0.000000 
0.000000 
0.000000 
0.000000 
0.000000 
0.000000 
0.000000 
0.000000 
0.000000 
0.000076 
0.000392 
0.001536 
0.004286 
0.007096 
0.004286 
0.001536 
0.000392 
0.000078 
0.000013 
0.000002 
0.000000 
0.000000 
0.000000 
0.000000 
0.000000 
0.000000 
0.000000 
0.000000 
0.000000 
0.000000 
0.000000 
0.000000 
0.000000 
0.000000 
0.000015 
0.000078 
0.000300 
0.000822 
0.001339 
0.000822 
0.000300 
0.000078 
0.000016 
0.000003 
0.000000 
0.000000 
0.000000 
0.000000 
0.000000 
0.000000 
0.000000 
0.000000 
0.000000 
0.000000 
0.000000 
0.000000 
0.000000 
0.000000 
0.000000 
0.000003 
0.000013 
0.000048 
0.000130 
0.000209 
0.000130 
0.000048 
0.000013 
0.000003 
0.000000 
0.000000 
0.000000 
0.000000 
0.000000 
0.000000 
0.000000 
0.000000 
0.000000 
0.000000 
0.000000 
0.000000 
0.000000 
0.000000 
0.000000 
0.000000 
0.000000 
0.000002 
0.000007 
0.000018 
0.000028 
0.000018 
0.000007 
0.000002 
0.000000 
0.000000 
0.000000 
0.000000 
0.000000 
0.000000 
0.000000 
0.000000 
0.000000 
0.000000 
0.000001 
0.000001 
0.000001 
0.000000 
0.000000 
0.000000 
0.000000 
0.000000 
0.000000 
0.000001 
0.000002 
0.000003 
0.000002 
0.000001 
0.000000 
0.000000 
0.000000 
0.000000 
0.000000 
0.000000 
0.000000 
0.000000 
0.000000 
0.000001 
0.000003 
0.000008 
0.000011 
0.000008 
0.000003 
0.000001 
0.000000 
0.000000 
0.000000 
0.000000 
0.000000 
0.000000 
0.000000 
0.000000 
0.000000 
0.000000 
0.000000 
0.000000 
0.000000 
0.000000 
0.000000 
0.000000 
0.000000 
0.000002 
0.000008 
0.000027 
0.000062 
0.000087 
0.000062 
0.000027 
0.000008 
0.000002 
0.000000 
0.000000 
0.000000 
0.000000 
0.000000 
0.000000 
0.000000 
0.000000 
0.000000 
0.000000 
0.000000 
0.000000 
0.000000 
0.000000 
0.000000 
0.000003 
0.000014 
0.000060 
0.000189 
0.000426 
0.000598 
0.000426 
0.000189 
0.000060 
0.000014 
0.000003 
0.000000 
0.000000 
0.000000 
0.000000 
0.000000 
0.000000 
0.000000 
0.000000 
0.000000 
0.000000 
0.000000 
0.000000 
0.000000 
0.000003 
0.000017 
0.000087 
0.000358 
0.001127 
0.002516 
0.003517 
0.002516 
0.001127 
0.000358 
0.000087 
0.000017 
0.000000 
0.000000 
0.000000 
0.000000 
0.000000 
0.000000 
0.000000 
0.000000 
0.000000 
0.000000 
0.000000 
0.000000 
0.000002 
0.000014 
0.000087 
0.000441 
0.001792 
0.005585 
0.012376 
0.017214 
0.012376 
0.005585 
0.001792 
0.000440 
0.000085 
0.000000 
0.000000 
0.000000 
0.000000 
0.000000 
0.000000 
0.000000 
0.000000 
0.000000 
0.000000 
0.000000 
0.000001 
0.000008 
0.000060 
0.000358 
0.001792 
0.007217 
0.022294 
0.049032 
0.067910 
0.049032 
0.022294 
0.007217 
0.001791 
0.000350 
0.000000 
0.000000 
0.000000 
0.000000 
0.000000 
0.000000 
0.000000 
0.000000 
0.000000 
0.000000 
0.000000 
0.000003 
0.000027 
0.000189 
0.001127 
0.005585 
0.022294 
0.068307 
0.149224 
0.205897 
0.149224 
0.068307 
0.022294 
0.005582 
0.001100 
0.000000 
0.000000 
0.000000 
0.000000 
0.000000 
0.000000 
0.000000 
0.000000 
0.000000 
0.000000 
0.000001 
0.000008 
0.000062 
0.000426 
0.002516 
0.012376 
0.049032 
0.149224 
0.324213 
0.446005 
0.324213 
0.149224 
0.049031 
0.012368 
0.002455 
0.000000 
0.000000 
0.000000 
0.000000 
0.000000 
0.000000 
0.000000 
0.000000 
0.000000 
0.000000 
0.000001 
0.000011 
0.000087 
0.000598 
0.003517 
0.017214 
0.067910 
0.205897 
0.446005 
0.612591 
0.446005 
0.205897 
0.067909 
0.017203 
0.003430 
0.000000 
0.000000 
0.000000 
0.000000 
0.000000 
0.000000 
0.000000 
0.000000 
0.000000 
0.000000 
0.000001 
0.000008 
0.000062 
0.000426 
0.002516 
0.012376 
0.049032 
0.149224 
0.324213 
0.446005 
0.324213 
0.149224 
0.049031 
0.012368 
0.002455 
0.000000 
0.000000 
0.000000 
0.000000 
0.000000 
0.000000 
0.000000 
0.000000 
0.000000 
0.000000 
0.000000 
0.000003 
0.000027 
0.000189 
0.001127 
0.005585 
0.022294 
0.068307 
0.149224 
0.205897 
0.149224 
0.068307 
0.022294 
0.005582 
0.001100 
0.000000 
0.000000 
0.000000 
0.000000 
0.000000 
0.000000 
0.000000 
0.000000 
0.000000 
0.000000 
0.000000 
0.000001 
0.000008 
0.000060 
0.000358 
0.001792 
0.007217 
0.022294 
0.049031 
0.067909 
0.049031 
0.022294 
0.007217 
0.001791 
0.000350 
0.000000 
0.000000 
0.000000 
0.000000 
0.000000 
0.000000 
0.000000 
0.000000 
0.000000 
0.000000 
0.000000 
0.000000 
0.000002 
0.000014 
0.000087 
0.000440 
0.001791 
0.005582 
0.012368 
0.017203 
0.012368 
0.005582 
0.001791 
0.000440 
0.000085 
0.000000 
0.000000 
0.000000 
0.000000 
0.000000 
0.000000 
0.000000 
0.000000 
0.000000 
0.000000 
0.000000 
0.000000 
0.000000 
0.000003 
0.000017 
0.000085 
0.000350 
0.001100 
0.002455 
0.003430 
0.002455 
0.001100 
0.000350 
0.000085 
0.000016 
