25.000000 25.000000 1.000000
0.000013 
0.000067 
0.000265 
0.000746 
0.001241 
0.000746 
0.000265 
0.000067 
0.000013 
0.000002 
0.000000 
0.000000 
0.000000 
0.000000 
0.000000 
0.000000 
0.000000 
0.000000 
0.000000 
0.000000 
0.000000 
0.000000 
0.000000 
0.000000 
0.000000 
0.000067 
0.000354 
0.001428 
0.004094 
0.006912 
0.004094 
0.001428 
0.000354 
0.000068 
0.000011 
0.000001 
0.000000 
0.000000 
0.000000 
0.000000 
0.000000 
0.000000 
0.000000 
0.000000 
0.000000 
0.000000 
0.000000 
0.000000 
0.000000 
0.000000 
0.000265 
0.001428 
0.005883 
0.017220 
0.029557 
0.017220 
0.005883 
0.001429 
0.000271 
0.000042 
0.000006 
0.000001 
0.000000 
0.000000 
0.000000 
0.000000 
0.000000 
0.000000 
0.000000 
0.000000 
0.000000 
0.000000 
0.000000 
0.000000 
0.000000 
0.000746 
0.004094 
0.017220 
0.051444 
0.089677 
0.051444 
0.017220 
0.004096 
0.000761 
0.000117 
0.000015 
0.000002 
0.000000 
0.000000 
0.000000 
0.000000 
0.000000 
0.000000 
0.000000 
0.000000 
0.000000 
0.000000 
0.000000 
0.000000 
0.000000 
0.001241 
0.006912 
0.029557 
0.089677 
0.158098 
0.089677 
0.029557 
0.006915 
0.001265 
0.000191 
0.000025 
0.000003 
0.000000 
0.000000 
0.000000 
0.000000 
0.000000 
0.000000 
0.000000 
0.000000 
0.000000 
0.000000 
0.000000 
0.000000 
0.000000 
0.000746 
0.004094 
0.017220 
0.051444 
0.089677 
0.051444 
0.017220 
0.004096 
0.000761 
0.000117 
0.000015 
0.000002 
0.000000 
0.000000 
0.000000 
0.000000 
0.000000 
0.000000 
0.000000 
0.000000 
0.000000 
0.000000 
0.000000 
0.000000 
0.000000 
0.000265 
0.001428 
0.005883 
0.017220 
0.029557 
0.017220 
0.005883 
0.001429 
0.000271 
0.000042 
0.000006 
0.000001 
0.000000 
0.000000 
0.000000 
0.000000 
0.000000 
0.000000 
0.000000 
0.000000 
0.000000 
0.000000 
0.000000 
0.000000 
0.000000 
0.000067 
0.000354 
0.001429 
0.004096 
0.006915 
0.004096 
0.001429 
0.000354 
0.000068 
0.000011 
0.000001 
0.000000 
0.000000 
0.000000 
0.000000 
0.000000 
0.000000 
0.000000 
0.000000 
0.000000 
0.000000 
0.000000 
0.000000 
0.000000 
0.000000 
0.000013 
0.000068 
0.000271 
0.000761 
0.001265 
0.000761 
0.000271 
0.000068 
0.000013 
0.000002 
0.000000 
0.000000 
0.000000 
0.000000 
0.000000 
0.000000 
0.000000 
0.000000 
0.000000 
0.000000 
0.000000 
0.000000 
0.000000 
0.000000 
0.000000 
0.000002 
0.000011 
0.000042 
0.000117 
0.000191 
0.000117 
0.000042 
0.000011 
0.000002 
0.000000 
0.000000 
0.000000 
0.000000 
0.000000 
0.000000 
0.000000 
0.000000 
0.000000 
0.000000 
0.000000 
0.000000 
0.000000 
0.000000 
0.000000 
0.000000 
0.000000 
0.000001 
0.000006 
0.000015 
0.000025 
0.000015 
0.000006 
0.000001 
0.000000 
0.000000 
0.000000 
0.000000 
0.000000 
0.000000 
0.000000 
0.000000 
0.000000 
0.000000 
0.000001 
0.000001 
0.000001 
0.000000 
0.000000 
0.000000 
0.000000 
0.000000 
0.000000 
0.000001 
0.000002 
0.000003 
0.000002 
0.000001 
0.000000 
0.000000 
0.000000 
0.000000 
0.000000 
0.000000 
0.000000 
0.000000 
0.000000 
0.000001 
0.000003 
0.000007 
0.000010 
0.000007 
0.000003 
0.000001 
0.000000 
0.000000 
0.000000 
0.000000 
0.000000 
0.000000 
0.000000 
0.000000 
0.000000 
0.000000 
0.000000 
0.000000 
0.000000 
0.000000 
0.000000 
0.000000 
0.000000 
0.000002 
0.000007 
0.000023 
0.000055 
0.000079 
0.000055 
0.000023 
0.000007 
0.000002 
0.000000 
0.000000 
0.000000 
0.000000 
0.000000 
0.000000 
0.000000 
0.000000 
0.000000 
0.000000 
0.000000 
0.000000 
0.000000 
0.000000 
0.000000 
0.000002 
0.000012 
0.000052 
0.000170 
0.000394 
0.000562 
0.000394 
0.000170 
0.000052 
0.000012 
0.000002 
0.000000 
0.000000 
0.000000 
0.000000 
0.000000 
0.000000 
0.000000 
0.000000 
0.000000 
0.000000 
0.000000 
0.000000 
0.000000 
0.000002 
0.000014 
0.000076 
0.000323 
0.001049 
0.002409 
0.003422 
0.002409 
0.001049 
0.000323 
0.000076 
0.000014 
0.000000 
0.000000 
0.000000 
0.000000 
0.000000 
0.000000 
0.000000 
0.000000 
0.000000 
0.000000 
0.000000 
0.000000 
0.000002 
0.000012 
0.000076 
0.000398 
0.001674 
0.005385 
0.012255 
0.017319 
0.012255 
0.005385 
0.001674 
0.000398 
0.000074 
0.000000 
0.000000 
0.000000 
0.000000 
0.000000 
0.000000 
0.000000 
0.000000 
0.000000 
0.000000 
0.000000 
0.000001 
0.000007 
0.000052 
0.000323 
0.001674 
0.006972 
0.022211 
0.050146 
0.070536 
0.050146 
0.022211 
0.006972 
0.001673 
0.000316 
0.000000 
0.000000 
0.000000 
0.000000 
0.000000 
0.000000 
0.000000 
0.000000 
0.000000 
0.000000 
0.000000 
0.000003 
0.000023 
0.000170 
0.001049 
0.005385 
0.022211 
0.070146 
0.157232 
0.220240 
0.157232 
0.070146 
0.022210 
0.005382 
0.001026 
0.000000 
0.000000 
0.000000 
0.000000 
0.000000 
0.000000 
0.000000 
0.000000 
0.000000 
0.000000 
0.000001 
0.000007 
0.000055 
0.000394 
0.002409 
0.012255 
0.050146 
0.157232 
0.350334 
0.489071 
0.350334 
0.157232 
0.050146 
0.012248 
0.002354 
0.000000 
0.000000 
0.000000 
0.000000 
0.000000 
0.000000 
0.000000 
0.000000 
0.000000 
0.000000 
0.000001 
0.000010 
0.000079 
0.000562 
0.003422 
0.017319 
0.070536 
0.220240 
0.489071 
0.681506 
0.489071 
0.220240 
0.070535 
0.017309 
0.003343 
0.000000 
0.000000 
0.000000 
0.000000 
0.000000 
0.000000 
0.000000 
0.000000 
0.000000 
0.000000 
0.000001 
0.000007 
0.000055 
0.000394 
0.002409 
0.012255 
0.050146 
0.157232 
0.350334 
0.489071 
0.350334 
0.157232 
0.050146 
0.012248 
0.002354 
0.000000 
0.000000 
0.000000 
0.000000 
0.000000 
0.000000 
0.000000 
0.000000 
0.000000 
0.000000 
0.000000 
0.000003 
0.000023 
0.000170 
0.001049 
0.005385 
0.022211 
0.070146 
0.157232 
0.220240 
0.157232 
0.070146 
0.022210 
0.005382 
0.001026 
0.000000 
0.000000 
0.000000 
0.000000 
0.000000 
0.000000 
0.000000 
0.000000 
0.000000 
0.000000 
0.000000 
0.000001 
0.000007 
0.000052 
0.000323 
0.001674 
0.006972 
0.022210 
0.050146 
0.070535 
0.050146 
0.022210 
0.006972 
0.001673 
0.000316 
0.000000 
0.000000 
0.000000 
0.000000 
0.000000 
0.000000 
0.000000 
0.000000 
0.000000 
0.000000 
0.000000 
0.000000 
0.000002 
0.000012 
0.000076 
0.000398 
0.001673 
0.005382 
0.012248 
0.017309 
0.012248 
0.005382 
0.001673 
0.000398 
0.000074 
0.000000 
0.000000 
0.000000 
0.000000 
0.000000 
0.000000 
0.000000 
0.000000 
0.000000 
0.000000 
0.000000 
0.000000 
0.000000 
0.000002 
0.000014 
0.000074 
0.000316 
0.001026 
0.002354 
0.003343 
0.002354 
0.001026 
0.000316 
0.000074 
0.000014 
