25.000000 25.000000 1.000000
0.000008 
0.000045 
0.000194 
0.000591 
0.001043 
0.000591 
0.000194 
0.000045 
0.000008 
0.000001 
0.000000 
0.000000 
0.000000 
0.000000 
0.000000 
0.000000 
0.000000 
0.000000 
0.000000 
0.000000 
0.000000 
0.000000 
0.000000 
0.000000 
0.000000 
0.000045 
0.000259 
0.001139 
0.003533 
0.006329 
0.003533 
0.001139 
0.000259 
0.000046 
0.000007 
0.000001 
0.000000 
0.000000 
0.000000 
0.000000 
0.000000 
0.000000 
0.000000 
0.000000 
0.000000 
0.000000 
0.000000 
0.000000 
0.000000 
0.000000 
0.000194 
0.001139 
0.005110 
0.016174 
0.029470 
0.016174 
0.005110 
0.001139 
0.000197 
0.000028 
0.000003 
0.000000 
0.000000 
0.000000 
0.000000 
0.000000 
0.000000 
0.000000 
0.000000 
0.000000 
0.000000 
0.000000 
0.000000 
0.000000 
0.000000 
0.000591 
0.003533 
0.016174 
0.052254 
0.096788 
0.052254 
0.016175 
0.003534 
0.000601 
0.000084 
0.000010 
0.000001 
0.000000 
0.000000 
0.000000 
0.000000 
0.000000 
0.000000 
0.000000 
0.000000 
0.000000 
0.000000 
0.000000 
0.000000 
0.000000 
0.001043 
0.006329 
0.029470 
0.096788 
0.181545 
0.096788 
0.029471 
0.006331 
0.001060 
0.000146 
0.000017 
0.000002 
0.000000 
0.000000 
0.000000 
0.000000 
0.000000 
0.000000 
0.000000 
0.000000 
0.000000 
0.000000 
0.000000 
0.000000 
0.000000 
0.000591 
0.003533 
0.016174 
0.052254 
0.096788 
0.052254 
0.016175 
0.003534 
0.000601 
0.000084 
0.000010 
0.000001 
0.000000 
0.000000 
0.000000 
0.000000 
0.000000 
0.000000 
0.000000 
0.000000 
0.000000 
0.000000 
0.000000 
0.000000 
0.000000 
0.000194 
0.001139 
0.005110 
0.016175 
0.029471 
0.016175 
0.005110 
0.001139 
0.000197 
0.000028 
0.000003 
0.000000 
0.000000 
0.000000 
0.000000 
0.000000 
0.000000 
0.000000 
0.000000 
0.000000 
0.000000 
0.000000 
0.000000 
0.000000 
0.000000 
0.000045 
0.000259 
0.001139 
0.003534 
0.006331 
0.003534 
0.001139 
0.000259 
0.000046 
0.000007 
0.000001 
0.000000 
0.000000 
0.000000 
0.000000 
0.000000 
0.000000 
0.000000 
0.000000 
0.000000 
0.000000 
0.000000 
0.000000 
0.000000 
0.000000 
0.000008 
0.000046 
0.000197 
0.000601 
0.001060 
0.000601 
0.000197 
0.000046 
0.000008 
0.000001 
0.000000 
0.000000 
0.000000 
0.000000 
0.000000 
0.000000 
0.000000 
0.000000 
0.000000 
0.000000 
0.000000 
0.000000 
0.000000 
0.000000 
0.000000 
0.000001 
0.000007 
0.000028 
0.000084 
0.000146 
0.000084 
0.000028 
0.000007 
0.000001 
0.000000 
0.000000 
0.000000 
0.000000 
0.000000 
0.000000 
0.000000 
0.000000 
0.000000 
0.000000 
0.000000 
0.000000 
0.000000 
0.000000 
0.000000 
0.000000 
0.000000 
0.000001 
0.000003 
0.000010 
0.000017 
0.000010 
0.000003 
0.000001 
0.000000 
0.000000 
0.000000 
0.000000 
0.000000 
0.000000 
0.000000 
0.000000 
0.000000 
0.000000 
0.000000 
0.000001 
0.000000 
0.000000 
0.000000 
0.000000 
0.000000 
0.000000 
0.000000 
0.000000 
0.000001 
0.000002 
0.000001 
0.000000 
0.000000 
0.000000 
0.000000 
0.000000 
0.000000 
0.000000 
0.000000 
0.000000 
0.000000 
0.000000 
0.000002 
0.000004 
0.000006 
0.000004 
0.000002 
0.000000 
0.000000 
0.000000 
0.000000 
0.000000 
0.000000 
0.000000 
0.000000 
0.000000 
0.000000 
0.000000 
0.000000 
0.000000 
0.000000 
0.000000 
0.000000 
0.000000 
0.000000 
0.000001 
0.000004 
0.000015 
0.000038 
0.000058 
0.000038 
0.000015 
0.000004 
0.000001 
0.000000 
0.000000 
0.000000 
0.000000 
0.000000 
0.000000 
0.000000 
0.000000 
0.000000 
0.000000 
0.000000 
0.000000 
0.000000 
0.000000 
0.000000 
0.000001 
0.000007 
0.000034 
0.000122 
0.000306 
0.000461 
0.000306 
0.000122 
0.000034 
0.000007 
0.000001 
0.000000 
0.000000 
0.000000 
0.000000 
0.000000 
0.000000 
0.000000 
0.000000 
0.000000 
0.000000 
0.000000 
0.000000 
0.000000 
0.000001 
0.000008 
0.000050 
0.000234 
0.000833 
0.002073 
0.003098 
0.002073 
0.000833 
0.000234 
0.000050 
0.000008 
0.000000 
0.000000 
0.000000 
0.000000 
0.000000 
0.000000 
0.000000 
0.000000 
0.000000 
0.000000 
0.000000 
0.000000 
0.000001 
0.000007 
0.000050 
0.000288 
0.001339 
0.004721 
0.011632 
0.017269 
0.011632 
0.004721 
0.001339 
0.000288 
0.000049 
0.000000 
0.000000 
0.000000 
0.000000 
0.000000 
0.000000 
0.000000 
0.000000 
0.000000 
0.000000 
0.000000 
0.000000 
0.000004 
0.000034 
0.000234 
0.001339 
0.006144 
0.021418 
0.052265 
0.077127 
0.052265 
0.021418 
0.006144 
0.001339 
0.000229 
0.000000 
0.000000 
0.000000 
0.000000 
0.000000 
0.000000 
0.000000 
0.000000 
0.000000 
0.000000 
0.000000 
0.000002 
0.000015 
0.000122 
0.000833 
0.004721 
0.021418 
0.073904 
0.178760 
0.262348 
0.178760 
0.073904 
0.021418 
0.004719 
0.000818 
0.000000 
0.000000 
0.000000 
0.000000 
0.000000 
0.000000 
0.000000 
0.000000 
0.000000 
0.000000 
0.000000 
0.000004 
0.000038 
0.000306 
0.002073 
0.011632 
0.052265 
0.178760 
0.429155 
0.626951 
0.429155 
0.178760 
0.052265 
0.011627 
0.002035 
0.000000 
0.000000 
0.000000 
0.000000 
0.000000 
0.000000 
0.000000 
0.000000 
0.000000 
0.000000 
0.000001 
0.000006 
0.000058 
0.000461 
0.003098 
0.017269 
0.077127 
0.262348 
0.626951 
0.913433 
0.626951 
0.262348 
0.077127 
0.017263 
0.003040 
0.000000 
0.000000 
0.000000 
0.000000 
0.000000 
0.000000 
0.000000 
0.000000 
0.000000 
0.000000 
0.000000 
0.000004 
0.000038 
0.000306 
0.002073 
0.011632 
0.052265 
0.178760 
0.429155 
0.626951 
0.429155 
0.178760 
0.052265 
0.011627 
0.002035 
0.000000 
0.000000 
0.000000 
0.000000 
0.000000 
0.000000 
0.000000 
0.000000 
0.000000 
0.000000 
0.000000 
0.000002 
0.000015 
0.000122 
0.000833 
0.004721 
0.021418 
0.073904 
0.178760 
0.262348 
0.178760 
0.073904 
0.021418 
0.004719 
0.000818 
0.000000 
0.000000 
0.000000 
0.000000 
0.000000 
0.000000 
0.000000 
0.000000 
0.000000 
0.000000 
0.000000 
0.000000 
0.000004 
0.000034 
0.000234 
0.001339 
0.006144 
0.021418 
0.052265 
0.077127 
0.052265 
0.021418 
0.006143 
0.001339 
0.000229 
0.000000 
0.000000 
0.000000 
0.000000 
0.000000 
0.000000 
0.000000 
0.000000 
0.000000 
0.000000 
0.000000 
0.000000 
0.000001 
0.000007 
0.000050 
0.000288 
0.001339 
0.004719 
0.011627 
0.017263 
0.011627 
0.004719 
0.001339 
0.000288 
0.000049 
0.000000 
0.000000 
0.000000 
0.000000 
0.000000 
0.000000 
0.000000 
0.000000 
0.000000 
0.000000 
0.000000 
0.000000 
0.000000 
0.000001 
0.000008 
0.000049 
0.000229 
0.000818 
0.002035 
0.003040 
0.002035 
0.000818 
0.000229 
0.000049 
0.000008 
