25.000000 25.000000 1.000000
0.000020 
0.000097 
0.000352 
0.000917 
0.001444 
0.000917 
0.000352 
0.000097 
0.000021 
0.000004 
0.000001 
0.000000 
0.000000 
0.000000 
0.000000 
0.000000 
0.000000 
0.000000 
0.000000 
0.000000 
0.000000 
0.000000 
0.000000 
0.000000 
0.000000 
0.000097 
0.000470 
0.001742 
0.004627 
0.007392 
0.004627 
0.001742 
0.000470 
0.000099 
0.000017 
0.000003 
0.000000 
0.000000 
0.000000 
0.000000 
0.000000 
0.000000 
0.000000 
0.000000 
0.000000 
0.000000 
0.000000 
0.000000 
0.000000 
0.000000 
0.000352 
0.001742 
0.006600 
0.017899 
0.029046 
0.017899 
0.006600 
0.001743 
0.000361 
0.000062 
0.000009 
0.000001 
0.000000 
0.000000 
0.000000 
0.000000 
0.000000 
0.000000 
0.000000 
0.000000 
0.000000 
0.000000 
0.000000 
0.000000 
0.000000 
0.000917 
0.004627 
0.017899 
0.049524 
0.081515 
0.049524 
0.017900 
0.004629 
0.000940 
0.000158 
0.000023 
0.000003 
0.000000 
0.000000 
0.000000 
0.000000 
0.000000 
0.000000 
0.000000 
0.000000 
0.000000 
0.000000 
0.000000 
0.000000 
0.000000 
0.001444 
0.007392 
0.029046 
0.081515 
0.135492 
0.081515 
0.029047 
0.007396 
0.001479 
0.000245 
0.000035 
0.000004 
0.000000 
0.000000 
0.000000 
0.000000 
0.000000 
0.000000 
0.000000 
0.000000 
0.000000 
0.000000 
0.000000 
0.000000 
0.000000 
0.000917 
0.004627 
0.017899 
0.049524 
0.081515 
0.049524 
0.017900 
0.004629 
0.000940 
0.000158 
0.000023 
0.000003 
0.000000 
0.000000 
0.000000 
0.000000 
0.000000 
0.000000 
0.000000 
0.000000 
0.000000 
0.000000 
0.000000 
0.000000 
0.000000 
0.000352 
0.001742 
0.006600 
0.017900 
0.029047 
0.017900 
0.006600 
0.001743 
0.000361 
0.000062 
0.000009 
0.000001 
0.000000 
0.000000 
0.000000 
0.000000 
0.000000 
0.000000 
0.000000 
0.000000 
0.000000 
0.000000 
0.000000 
0.000000 
0.000000 
0.000097 
0.000470 
0.001743 
0.004629 
0.007396 
0.004629 
0.001743 
0.000470 
0.000099 
0.000017 
0.000003 
0.000000 
0.000000 
0.000000 
0.000000 
0.000000 
0.000000 
0.000000 
0.000000 
0.000000 
0.000000 
0.000000 
0.000000 
0.000000 
0.000000 
0.000021 
0.000099 
0.000361 
0.000940 
0.001479 
0.000940 
0.000361 
0.000099 
0.000021 
0.000004 
0.000001 
0.000000 
0.000000 
0.000000 
0.000000 
0.000000 
0.000000 
0.000000 
0.000000 
0.000000 
0.000000 
0.000000 
0.000000 
0.000000 
0.000000 
0.000004 
0.000017 
0.000062 
0.000158 
0.000245 
0.000158 
0.000062 
0.000017 
0.000004 
0.000001 
0.000000 
0.000000 
0.000000 
0.000000 
0.000000 
0.000000 
0.000000 
0.000000 
0.000000 
0.000000 
0.000000 
0.000000 
0.000000 
0.000000 
0.000000 
0.000001 
0.000003 
0.000009 
0.000023 
0.000035 
0.000023 
0.000009 
0.000003 
0.000001 
0.000000 
0.000000 
0.000000 
0.000000 
0.000000 
0.000000 
0.000000 
0.000000 
0.000001 
0.000001 
0.000002 
0.000001 
0.000001 
0.000000 
0.000000 
0.000000 
0.000000 
0.000000 
0.000001 
0.000003 
0.000004 
0.000003 
0.000001 
0.000000 
0.000000 
0.000000 
0.000000 
0.000000 
0.000000 
0.000000 
0.000000 
0.000000 
0.000002 
0.000005 
0.000010 
0.000014 
0.000010 
0.000005 
0.000002 
0.000000 
0.000000 
0.000000 
0.000000 
0.000000 
0.000000 
0.000000 
0.000000 
0.000000 
0.000000 
0.000000 
0.000000 
0.000000 
0.000000 
0.000000 
0.000000 
0.000001 
0.000003 
0.000012 
0.000035 
0.000075 
0.000103 
0.000075 
0.000035 
0.000012 
0.000003 
0.000001 
0.000000 
0.000000 
0.000000 
0.000000 
0.000000 
0.000000 
0.000000 
0.000000 
0.000000 
0.000000 
0.000000 
0.000000 
0.000000 
0.000001 
0.000004 
0.000020 
0.000076 
0.000228 
0.000488 
0.000665 
0.000488 
0.000228 
0.000076 
0.000020 
0.000004 
0.000000 
0.000000 
0.000000 
0.000000 
0.000000 
0.000000 
0.000000 
0.000000 
0.000000 
0.000000 
0.000000 
0.000000 
0.000001 
0.000004 
0.000023 
0.000111 
0.000429 
0.001270 
0.002698 
0.003663 
0.002698 
0.001270 
0.000428 
0.000111 
0.000023 
0.000000 
0.000000 
0.000000 
0.000000 
0.000000 
0.000000 
0.000000 
0.000000 
0.000000 
0.000000 
0.000000 
0.000000 
0.000003 
0.000020 
0.000111 
0.000526 
0.002008 
0.005903 
0.012451 
0.016836 
0.012451 
0.005903 
0.002008 
0.000526 
0.000108 
0.000000 
0.000000 
0.000000 
0.000000 
0.000000 
0.000000 
0.000000 
0.000000 
0.000000 
0.000000 
0.000000 
0.000002 
0.000012 
0.000076 
0.000429 
0.002008 
0.007598 
0.022157 
0.046433 
0.062563 
0.046433 
0.022157 
0.007597 
0.002007 
0.000417 
0.000000 
0.000000 
0.000000 
0.000000 
0.000000 
0.000000 
0.000000 
0.000000 
0.000000 
0.000000 
0.000001 
0.000005 
0.000035 
0.000228 
0.001270 
0.005903 
0.022157 
0.064155 
0.133671 
0.179556 
0.133671 
0.064155 
0.022156 
0.005898 
0.001235 
0.000000 
0.000000 
0.000000 
0.000000 
0.000000 
0.000000 
0.000000 
0.000000 
0.000000 
0.000000 
0.000001 
0.000010 
0.000075 
0.000488 
0.002698 
0.012451 
0.046433 
0.133671 
0.277234 
0.371520 
0.277234 
0.133671 
0.046431 
0.012441 
0.002623 
0.000000 
0.000000 
0.000000 
0.000000 
0.000000 
0.000000 
0.000000 
0.000000 
0.000000 
0.000000 
0.000002 
0.000014 
0.000103 
0.000665 
0.003663 
0.016836 
0.062563 
0.179556 
0.371520 
0.497308 
0.371520 
0.179556 
0.062562 
0.016823 
0.003560 
0.000000 
0.000000 
0.000000 
0.000000 
0.000000 
0.000000 
0.000000 
0.000000 
0.000000 
0.000000 
0.000001 
0.000010 
0.000075 
0.000488 
0.002698 
0.012451 
0.046433 
0.133671 
0.277234 
0.371520 
0.277234 
0.133671 
0.046431 
0.012441 
0.002623 
0.000000 
0.000000 
0.000000 
0.000000 
0.000000 
0.000000 
0.000000 
0.000000 
0.000000 
0.000000 
0.000001 
0.000005 
0.000035 
0.000228 
0.001270 
0.005903 
0.022157 
0.064155 
0.133671 
0.179556 
0.133671 
0.064155 
0.022156 
0.005898 
0.001235 
0.000000 
0.000000 
0.000000 
0.000000 
0.000000 
0.000000 
0.000000 
0.000000 
0.000000 
0.000000 
0.000000 
0.000002 
0.000012 
0.000076 
0.000428 
0.002008 
0.007597 
0.022156 
0.046431 
0.062562 
0.046431 
0.022156 
0.007597 
0.002007 
0.000417 
0.000000 
0.000000 
0.000000 
0.000000 
0.000000 
0.000000 
0.000000 
0.000000 
0.000000 
0.000000 
0.000000 
0.000000 
0.000003 
0.000020 
0.000111 
0.000526 
0.002007 
0.005898 
0.012441 
0.016823 
0.012441 
0.005898 
0.002007 
0.000525 
0.000108 
0.000000 
0.000000 
0.000000 
0.000000 
0.000000 
0.000000 
0.000000 
0.000000 
0.000000 
0.000000 
0.000000 
0.000000 
0.000001 
0.000004 
0.000023 
0.000108 
0.000417 
0.001235 
0.002623 
0.003560 
0.002623 
0.001235 
0.000417 
0.000108 
0.000022 
