25.000000 25.000000 1.000000
0.000002 
0.000016 
0.000087 
0.000321 
0.000657 
0.000321 
0.000087 
0.000016 
0.000002 
0.000000 
0.000000 
0.000000 
0.000000 
0.000000 
0.000000 
0.000000 
0.000000 
0.000000 
0.000000 
0.000000 
0.000000 
0.000000 
0.000000 
0.000000 
0.000000 
0.000016 
0.000116 
0.000627 
0.002339 
0.004852 
0.002339 
0.000627 
0.000116 
0.000017 
0.000002 
0.000000 
0.000000 
0.000000 
0.000000 
0.000000 
0.000000 
0.000000 
0.000000 
0.000000 
0.000000 
0.000000 
0.000000 
0.000000 
0.000000 
0.000000 
0.000087 
0.000627 
0.003423 
0.013001 
0.027422 
0.013001 
0.003423 
0.000627 
0.000088 
0.000010 
0.000001 
0.000000 
0.000000 
0.000000 
0.000000 
0.000000 
0.000000 
0.000000 
0.000000 
0.000000 
0.000000 
0.000000 
0.000000 
0.000000 
0.000000 
0.000321 
0.002339 
0.013001 
0.050337 
0.108024 
0.050337 
0.013001 
0.002340 
0.000325 
0.000037 
0.000004 
0.000000 
0.000000 
0.000000 
0.000000 
0.000000 
0.000000 
0.000000 
0.000000 
0.000000 
0.000000 
0.000000 
0.000000 
0.000000 
0.000000 
0.000657 
0.004852 
0.027422 
0.108024 
0.235243 
0.108024 
0.027422 
0.004852 
0.000664 
0.000074 
0.000007 
0.000001 
0.000000 
0.000000 
0.000000 
0.000000 
0.000000 
0.000000 
0.000000 
0.000000 
0.000000 
0.000000 
0.000000 
0.000000 
0.000000 
0.000321 
0.002339 
0.013001 
0.050337 
0.108024 
0.050337 
0.013001 
0.002340 
0.000325 
0.000037 
0.000004 
0.000000 
0.000000 
0.000000 
0.000000 
0.000000 
0.000000 
0.000000 
0.000000 
0.000000 
0.000000 
0.000000 
0.000000 
0.000000 
0.000000 
0.000087 
0.000627 
0.003423 
0.013001 
0.027422 
0.013001 
0.003423 
0.000627 
0.000088 
0.000010 
0.000001 
0.000000 
0.000000 
0.000000 
0.000000 
0.000000 
0.000000 
0.000000 
0.000000 
0.000000 
0.000000 
0.000000 
0.000000 
0.000000 
0.000000 
0.000016 
0.000116 
0.000627 
0.002340 
0.004852 
0.002340 
0.000627 
0.000116 
0.000017 
0.000002 
0.000000 
0.000000 
0.000000 
0.000000 
0.000000 
0.000000 
0.000000 
0.000000 
0.000000 
0.000000 
0.000000 
0.000000 
0.000000 
0.000000 
0.000000 
0.000002 
0.000017 
0.000088 
0.000325 
0.000664 
0.000325 
0.000088 
0.000017 
0.000002 
0.000000 
0.000000 
0.000000 
0.000000 
0.000000 
0.000000 
0.000000 
0.000000 
0.000000 
0.000000 
0.000000 
0.000000 
0.000000 
0.000000 
0.000000 
0.000000 
0.000000 
0.000002 
0.000010 
0.000037 
0.000074 
0.000037 
0.000010 
0.000002 
0.000000 
0.000000 
0.000000 
0.000000 
0.000000 
0.000000 
0.000000 
0.000000 
0.000000 
0.000000 
0.000000 
0.000000 
0.000000 
0.000000 
0.000000 
0.000000 
0.000000 
0.000000 
0.000000 
0.000001 
0.000004 
0.000007 
0.000004 
0.000001 
0.000000 
0.000000 
0.000000 
0.000000 
0.000000 
0.000000 
0.000000 
0.000000 
0.000000 
0.000000 
0.000000 
0.000000 
0.000000 
0.000000 
0.000000 
0.000000 
0.000000 
0.000000 
0.000000 
0.000000 
0.000000 
0.000000 
0.000001 
0.000000 
0.000000 
0.000000 
0.000000 
0.000000 
0.000000 
0.000000 
0.000000 
0.000000 
0.000000 
0.000000 
0.000000 
0.000000 
0.000001 
0.000002 
0.000001 
0.000000 
0.000000 
0.000000 
0.000000 
0.000000 
0.000000 
0.000000 
0.000000 
0.000000 
0.000000 
0.000000 
0.000000 
0.000000 
0.000000 
0.000000 
0.000000 
0.000000 
0.000000 
0.000000 
0.000000 
0.000001 
0.000005 
0.000015 
0.000027 
0.000015 
0.000005 
0.000001 
0.000000 
0.000000 
0.000000 
0.000000 
0.000000 
0.000000 
0.000000 
0.000000 
0.000000 
0.000000 
0.000000 
0.000000 
0.000000 
0.000000 
0.000000 
0.000000 
0.000000 
0.000002 
0.000011 
0.000051 
0.000155 
0.000267 
0.000155 
0.000051 
0.000011 
0.000002 
0.000000 
0.000000 
0.000000 
0.000000 
0.000000 
0.000000 
0.000000 
0.000000 
0.000000 
0.000000 
0.000000 
0.000000 
0.000000 
0.000000 
0.000000 
0.000002 
0.000017 
0.000098 
0.000436 
0.001317 
0.002248 
0.001317 
0.000436 
0.000098 
0.000017 
0.000002 
0.000000 
0.000000 
0.000000 
0.000000 
0.000000 
0.000000 
0.000000 
0.000000 
0.000000 
0.000000 
0.000000 
0.000000 
0.000000 
0.000002 
0.000017 
0.000122 
0.000710 
0.003096 
0.009213 
0.015566 
0.009213 
0.003096 
0.000710 
0.000122 
0.000016 
0.000000 
0.000000 
0.000000 
0.000000 
0.000000 
0.000000 
0.000000 
0.000000 
0.000000 
0.000000 
0.000000 
0.000000 
0.000001 
0.000011 
0.000098 
0.000710 
0.004063 
0.017442 
0.051197 
0.085649 
0.051197 
0.017442 
0.004063 
0.000710 
0.000097 
0.000000 
0.000000 
0.000000 
0.000000 
0.000000 
0.000000 
0.000000 
0.000000 
0.000000 
0.000000 
0.000000 
0.000000 
0.000005 
0.000051 
0.000436 
0.003096 
0.017442 
0.073797 
0.213835 
0.354465 
0.213835 
0.073797 
0.017442 
0.003095 
0.000431 
0.000000 
0.000000 
0.000000 
0.000000 
0.000000 
0.000000 
0.000000 
0.000000 
0.000000 
0.000000 
0.000000 
0.000001 
0.000015 
0.000155 
0.001317 
0.009213 
0.051197 
0.213835 
0.612533 
1.007221 
0.612533 
0.213835 
0.051197 
0.009212 
0.001301 
0.000000 
0.000000 
0.000000 
0.000000 
0.000000 
0.000000 
0.000000 
0.000000 
0.000000 
0.000000 
0.000000 
0.000002 
0.000027 
0.000267 
0.002248 
0.015566 
0.085649 
0.354465 
1.007221 
1.647098 
1.007221 
0.354465 
0.085649 
0.015564 
0.002221 
0.000000 
0.000000 
0.000000 
0.000000 
0.000000 
0.000000 
0.000000 
0.000000 
0.000000 
0.000000 
0.000000 
0.000001 
0.000015 
0.000155 
0.001317 
0.009213 
0.051197 
0.213835 
0.612533 
1.007221 
0.612533 
0.213835 
0.051197 
0.009212 
0.001301 
0.000000 
0.000000 
0.000000 
0.000000 
0.000000 
0.000000 
0.000000 
0.000000 
0.000000 
0.000000 
0.000000 
0.000000 
0.000005 
0.000051 
0.000436 
0.003096 
0.017442 
0.073797 
0.213835 
0.354465 
0.213835 
0.073797 
0.017442 
0.003095 
0.000431 
0.000000 
0.000000 
0.000000 
0.000000 
0.000000 
0.000000 
0.000000 
0.000000 
0.000000 
0.000000 
0.000000 
0.000000 
0.000001 
0.000011 
0.000098 
0.000710 
0.004063 
0.017442 
0.051197 
0.085649 
0.051197 
0.017442 
0.004063 
0.000710 
0.000097 
0.000000 
0.000000 
0.000000 
0.000000 
0.000000 
0.000000 
0.000000 
0.000000 
0.000000 
0.000000 
0.000000 
0.000000 
0.000000 
0.000002 
0.000017 
0.000122 
0.000710 
0.003095 
0.009212 
0.015564 
0.009212 
0.003095 
0.000710 
0.000122 
0.000016 
0.000000 
0.000000 
0.000000 
0.000000 
0.000000 
0.000000 
0.000000 
0.000000 
0.000000 
0.000000 
0.000000 
0.000000 
0.000000 
0.000000 
0.000002 
0.000016 
0.000097 
0.000431 
0.001301 
0.002221 
0.001301 
0.000431 
0.000097 
0.000016 
0.000002 
