25.000000 25.000000 1.000000
0.000003 
0.000021 
0.000105 
0.000371 
0.000733 
0.000371 
0.000105 
0.000021 
0.000003 
0.000000 
0.000000 
0.000000 
0.000000 
0.000000 
0.000000 
0.000000 
0.000000 
0.000000 
0.000000 
0.000000 
0.000000 
0.000000 
0.000000 
0.000000 
0.000000 
0.000021 
0.000140 
0.000722 
0.002585 
0.005183 
0.002585 
0.000722 
0.000140 
0.000021 
0.000003 
0.000000 
0.000000 
0.000000 
0.000000 
0.000000 
0.000000 
0.000000 
0.000000 
0.000000 
0.000000 
0.000000 
0.000000 
0.000000 
0.000000 
0.000000 
0.000105 
0.000722 
0.003775 
0.013761 
0.028063 
0.013761 
0.003775 
0.000722 
0.000107 
0.000013 
0.000001 
0.000000 
0.000000 
0.000000 
0.000000 
0.000000 
0.000000 
0.000000 
0.000000 
0.000000 
0.000000 
0.000000 
0.000000 
0.000000 
0.000000 
0.000371 
0.002585 
0.013761 
0.051163 
0.106156 
0.051163 
0.013761 
0.002586 
0.000376 
0.000045 
0.000004 
0.000000 
0.000000 
0.000000 
0.000000 
0.000000 
0.000000 
0.000000 
0.000000 
0.000000 
0.000000 
0.000000 
0.000000 
0.000000 
0.000000 
0.000733 
0.005183 
0.028063 
0.106156 
0.223439 
0.106156 
0.028063 
0.005184 
0.000742 
0.000087 
0.000009 
0.000001 
0.000000 
0.000000 
0.000000 
0.000000 
0.000000 
0.000000 
0.000000 
0.000000 
0.000000 
0.000000 
0.000000 
0.000000 
0.000000 
0.000371 
0.002585 
0.013761 
0.051163 
0.106156 
0.051163 
0.013761 
0.002586 
0.000376 
0.000045 
0.000004 
0.000000 
0.000000 
0.000000 
0.000000 
0.000000 
0.000000 
0.000000 
0.000000 
0.000000 
0.000000 
0.000000 
0.000000 
0.000000 
0.000000 
0.000105 
0.000722 
0.003775 
0.013761 
0.028063 
0.013761 
0.003775 
0.000722 
0.000107 
0.000013 
0.000001 
0.000000 
0.000000 
0.000000 
0.000000 
0.000000 
0.000000 
0.000000 
0.000000 
0.000000 
0.000000 
0.000000 
0.000000 
0.000000 
0.000000 
0.000021 
0.000140 
0.000722 
0.002586 
0.005184 
0.002586 
0.000722 
0.000140 
0.000021 
0.000003 
0.000000 
0.000000 
0.000000 
0.000000 
0.000000 
0.000000 
0.000000 
0.000000 
0.000000 
0.000000 
0.000000 
0.000000 
0.000000 
0.000000 
0.000000 
0.000003 
0.000021 
0.000107 
0.000376 
0.000742 
0.000376 
0.000107 
0.000021 
0.000003 
0.000000 
0.000000 
0.000000 
0.000000 
0.000000 
0.000000 
0.000000 
0.000000 
0.000000 
0.000000 
0.000000 
0.000000 
0.000000 
0.000000 
0.000000 
0.000000 
0.000000 
0.000003 
0.000013 
0.000045 
0.000087 
0.000045 
0.000013 
0.000003 
0.000000 
0.000000 
0.000000 
0.000000 
0.000000 
0.000000 
0.000000 
0.000000 
0.000000 
0.000000 
0.000000 
0.000000 
0.000000 
0.000000 
0.000000 
0.000000 
0.000000 
0.000000 
0.000000 
0.000001 
0.000004 
0.000009 
0.000004 
0.000001 
0.000000 
0.000000 
0.000000 
0.000000 
0.000000 
0.000000 
0.000000 
0.000000 
0.000000 
0.000000 
0.000000 
0.000000 
0.000000 
0.000000 
0.000000 
0.000000 
0.000000 
0.000000 
0.000000 
0.000000 
0.000000 
0.000000 
0.000001 
0.000000 
0.000000 
0.000000 
0.000000 
0.000000 
0.000000 
0.000000 
0.000000 
0.000000 
0.000000 
0.000000 
0.000000 
0.000001 
0.000002 
0.000003 
0.000002 
0.000001 
0.000000 
0.000000 
0.000000 
0.000000 
0.000000 
0.000000 
0.000000 
0.000000 
0.000000 
0.000000 
0.000000 
0.000000 
0.000000 
0.000000 
0.000000 
0.000000 
0.000000 
0.000000 
0.000000 
0.000001 
0.000006 
0.000019 
0.000032 
0.000019 
0.000006 
0.000001 
0.000000 
0.000000 
0.000000 
0.000000 
0.000000 
0.000000 
0.000000 
0.000000 
0.000000 
0.000000 
0.000000 
0.000000 
0.000000 
0.000000 
0.000000 
0.000000 
0.000000 
0.000003 
0.000015 
0.000062 
0.000182 
0.000305 
0.000182 
0.000062 
0.000015 
0.000003 
0.000000 
0.000000 
0.000000 
0.000000 
0.000000 
0.000000 
0.000000 
0.000000 
0.000000 
0.000000 
0.000000 
0.000000 
0.000000 
0.000000 
0.000000 
0.000003 
0.000022 
0.000121 
0.000510 
0.001474 
0.002438 
0.001474 
0.000510 
0.000121 
0.000022 
0.000003 
0.000000 
0.000000 
0.000000 
0.000000 
0.000000 
0.000000 
0.000000 
0.000000 
0.000000 
0.000000 
0.000000 
0.000000 
0.000000 
0.000003 
0.000022 
0.000150 
0.000829 
0.003445 
0.009823 
0.016096 
0.009823 
0.003445 
0.000829 
0.000150 
0.000021 
0.000000 
0.000000 
0.000000 
0.000000 
0.000000 
0.000000 
0.000000 
0.000000 
0.000000 
0.000000 
0.000000 
0.000000 
0.000001 
0.000015 
0.000121 
0.000829 
0.004515 
0.018499 
0.052075 
0.084565 
0.052075 
0.018499 
0.004515 
0.000829 
0.000119 
0.000000 
0.000000 
0.000000 
0.000000 
0.000000 
0.000000 
0.000000 
0.000000 
0.000000 
0.000000 
0.000000 
0.000001 
0.000006 
0.000062 
0.000510 
0.003445 
0.018499 
0.074786 
0.208022 
0.335027 
0.208022 
0.074786 
0.018499 
0.003445 
0.000504 
0.000000 
0.000000 
0.000000 
0.000000 
0.000000 
0.000000 
0.000000 
0.000000 
0.000000 
0.000000 
0.000000 
0.000002 
0.000019 
0.000182 
0.001474 
0.009823 
0.052075 
0.208022 
0.572557 
0.915511 
0.572557 
0.208022 
0.052075 
0.009822 
0.001455 
0.000000 
0.000000 
0.000000 
0.000000 
0.000000 
0.000000 
0.000000 
0.000000 
0.000000 
0.000000 
0.000000 
0.000003 
0.000032 
0.000305 
0.002438 
0.016096 
0.084565 
0.335027 
0.915511 
1.456879 
0.915511 
0.335027 
0.084565 
0.016093 
0.002406 
0.000000 
0.000000 
0.000000 
0.000000 
0.000000 
0.000000 
0.000000 
0.000000 
0.000000 
0.000000 
0.000000 
0.000002 
0.000019 
0.000182 
0.001474 
0.009823 
0.052075 
0.208022 
0.572557 
0.915511 
0.572557 
0.208022 
0.052075 
0.009822 
0.001455 
0.000000 
0.000000 
0.000000 
0.000000 
0.000000 
0.000000 
0.000000 
0.000000 
0.000000 
0.000000 
0.000000 
0.000001 
0.000006 
0.000062 
0.000510 
0.003445 
0.018499 
0.074786 
0.208022 
0.335027 
0.208022 
0.074786 
0.018499 
0.003445 
0.000504 
0.000000 
0.000000 
0.000000 
0.000000 
0.000000 
0.000000 
0.000000 
0.000000 
0.000000 
0.000000 
0.000000 
0.000000 
0.000001 
0.000015 
0.000121 
0.000829 
0.004515 
0.018499 
0.052075 
0.084565 
0.052075 
0.018499 
0.004515 
0.000829 
0.000119 
0.000000 
0.000000 
0.000000 
0.000000 
0.000000 
0.000000 
0.000000 
0.000000 
0.000000 
0.000000 
0.000000 
0.000000 
0.000000 
0.000003 
0.000022 
0.000150 
0.000829 
0.003445 
0.009822 
0.016093 
0.009822 
0.003445 
0.000829 
0.000150 
0.000021 
0.000000 
0.000000 
0.000000 
0.000000 
0.000000 
0.000000 
0.000000 
0.000000 
0.000000 
0.000000 
0.000000 
0.000000 
0.000000 
0.000000 
0.000003 
0.000021 
0.000119 
0.000504 
0.001455 
0.002406 
0.001455 
0.000504 
0.000119 
0.000021 
0.000003 
