25.000000 25.000000 1.000000
0.000026 
0.000207 
0.001224 
0.004888 
0.010481 
0.004888 
0.001224 
0.000207 
0.000026 
0.000003 
0.000000 
0.000000 
0.000000 
0.000000 
0.000000 
0.000000 
0.000000 
0.000000 
0.000000 
0.000000 
0.000000 
0.000000 
0.000000 
0.000000 
0.000000 
0.000207 
0.001632 
0.009571 
0.037875 
0.080583 
0.037875 
0.009571 
0.001632 
0.000209 
0.000021 
0.000002 
0.000000 
0.000000 
0.000000 
0.000000 
0.000000 
0.000000 
0.000000 
0.000000 
0.000000 
0.000000 
0.000000 
0.000000 
0.000000 
0.000000 
0.001224 
0.009571 
0.055604 
0.217985 
0.460092 
0.217985 
0.055604 
0.009572 
0.001235 
0.000127 
0.000011 
0.000001 
0.000000 
0.000000 
0.000000 
0.000000 
0.000000 
0.000000 
0.000000 
0.000000 
0.000000 
0.000000 
0.000000 
0.000000 
0.000000 
0.004888 
0.037875 
0.217985 
0.846855 
1.773825 
0.846855 
0.217985 
0.037879 
0.004931 
0.000511 
0.000044 
0.000003 
0.000000 
0.000000 
0.000000 
0.000000 
0.000000 
0.000000 
0.000000 
0.000000 
0.000000 
0.000000 
0.000000 
0.000000 
0.000000 
0.010481 
0.080583 
0.460092 
1.773825 
3.691944 
1.773825 
0.460092 
0.080590 
0.010577 
0.001104 
0.000095 
0.000007 
0.000000 
0.000000 
0.000000 
0.000000 
0.000000 
0.000000 
0.000000 
0.000000 
0.000000 
0.000000 
0.000000 
0.000000 
0.000000 
0.004888 
0.037875 
0.217985 
0.846855 
1.773825 
0.846855 
0.217985 
0.037879 
0.004931 
0.000511 
0.000044 
0.000003 
0.000000 
0.000000 
0.000000 
0.000000 
0.000000 
0.000000 
0.000000 
0.000000 
0.000000 
0.000000 
0.000000 
0.000000 
0.000000 
0.001224 
0.009571 
0.055604 
0.217985 
0.460092 
0.217985 
0.055604 
0.009572 
0.001235 
0.000127 
0.000011 
0.000001 
0.000000 
0.000000 
0.000000 
0.000000 
0.000000 
0.000000 
0.000000 
0.000000 
0.000000 
0.000000 
0.000000 
0.000000 
0.000000 
0.000207 
0.001632 
0.009572 
0.037879 
0.080590 
0.037879 
0.009572 
0.001632 
0.000209 
0.000021 
0.000002 
0.000000 
0.000000 
0.000000 
0.000000 
0.000000 
0.000000 
0.000000 
0.000000 
0.000000 
0.000000 
0.000000 
0.000000 
0.000000 
0.000000 
0.000026 
0.000209 
0.001235 
0.004931 
0.010577 
0.004931 
0.001235 
0.000209 
0.000026 
0.000003 
0.000000 
0.000000 
0.000000 
0.000000 
0.000000 
0.000000 
0.000000 
0.000000 
0.000000 
0.000000 
0.000000 
0.000000 
0.000000 
0.000000 
0.000000 
0.000003 
0.000021 
0.000127 
0.000511 
0.001104 
0.000511 
0.000127 
0.000021 
0.000003 
0.000000 
0.000000 
0.000000 
0.000000 
0.000000 
0.000000 
0.000000 
0.000000 
0.000000 
0.000000 
0.000000 
0.000000 
0.000000 
0.000000 
0.000000 
0.000000 
0.000000 
0.000002 
0.000011 
0.000044 
0.000095 
0.000044 
0.000011 
0.000002 
0.000000 
0.000000 
0.000000 
0.000000 
0.000000 
0.000000 
0.000000 
0.000000 
0.000000 
0.000000 
0.000000 
0.000000 
0.000000 
0.000000 
0.000000 
0.000000 
0.000000 
0.000000 
0.000000 
0.000001 
0.000003 
0.000007 
0.000003 
0.000001 
0.000000 
0.000000 
0.000000 
0.000000 
0.000000 
0.000000 
0.000000 
0.000000 
0.000000 
0.000000 
0.000000 
0.000000 
0.000001 
0.000000 
0.000000 
0.000000 
0.000000 
0.000000 
0.000000 
0.000000 
0.000000 
0.000000 
0.000000 
0.000000 
0.000000 
0.000000 
0.000000 
0.000000 
0.000000 
0.000000 
0.000000 
0.000000 
0.000000 
0.000000 
0.000000 
0.000002 
0.000004 
0.000007 
0.000004 
0.000002 
0.000000 
0.000000 
0.000000 
0.000000 
0.000000 
0.000000 
0.000000 
0.000000 
0.000000 
0.000000 
0.000000 
0.000000 
0.000000 
0.000000 
0.000000 
0.000000 
0.000000 
0.000000 
0.000001 
0.000004 
0.000014 
0.000037 
0.000058 
0.000037 
0.000014 
0.000004 
0.000001 
0.000000 
0.000000 
0.000000 
0.000000 
0.000000 
0.000000 
0.000000 
0.000000 
0.000000 
0.000000 
0.000000 
0.000000 
0.000000 
0.000000 
0.000000 
0.000001 
0.000006 
0.000027 
0.000101 
0.000269 
0.000430 
0.000269 
0.000101 
0.000027 
0.000006 
0.000001 
0.000000 
0.000000 
0.000000 
0.000000 
0.000000 
0.000000 
0.000000 
0.000000 
0.000000 
0.000000 
0.000000 
0.000000 
0.000000 
0.000001 
0.000006 
0.000033 
0.000163 
0.000620 
0.001683 
0.002726 
0.001683 
0.000620 
0.000163 
0.000033 
0.000005 
0.000000 
0.000000 
0.000000 
0.000000 
0.000000 
0.000000 
0.000000 
0.000000 
0.000000 
0.000000 
0.000000 
0.000000 
0.000000 
0.000004 
0.000027 
0.000163 
0.000810 
0.003142 
0.008693 
0.014303 
0.008693 
0.003142 
0.000810 
0.000163 
0.000026 
0.000000 
0.000000 
0.000000 
0.000000 
0.000000 
0.000000 
0.000000 
0.000000 
0.000000 
0.000000 
0.000000 
0.000000 
0.000002 
0.000014 
0.000101 
0.000620 
0.003142 
0.012446 
0.035167 
0.058799 
0.035167 
0.012446 
0.003142 
0.000620 
0.000099 
0.000000 
0.000000 
0.000000 
0.000000 
0.000000 
0.000000 
0.000000 
0.000000 
0.000000 
0.000000 
0.000000 
0.000000 
0.000004 
0.000037 
0.000269 
0.001683 
0.008693 
0.035167 
0.101400 
0.172091 
0.101400 
0.035167 
0.008693 
0.001683 
0.000265 
0.000000 
0.000000 
0.000000 
0.000000 
0.000000 
0.000000 
0.000000 
0.000000 
0.000000 
0.000000 
0.000000 
0.000001 
0.000007 
0.000058 
0.000430 
0.002726 
0.014303 
0.058799 
0.172091 
0.295178 
0.172091 
0.058799 
0.014303 
0.002726 
0.000423 
0.000000 
0.000000 
0.000000 
0.000000 
0.000000 
0.000000 
0.000000 
0.000000 
0.000000 
0.000000 
0.000000 
0.000000 
0.000004 
0.000037 
0.000269 
0.001683 
0.008693 
0.035167 
0.101400 
0.172091 
0.101400 
0.035167 
0.008693 
0.001683 
0.000265 
0.000000 
0.000000 
0.000000 
0.000000 
0.000000 
0.000000 
0.000000 
0.000000 
0.000000 
0.000000 
0.000000 
0.000000 
0.000002 
0.000014 
0.000101 
0.000620 
0.003142 
0.012446 
0.035167 
0.058799 
0.035167 
0.012446 
0.003142 
0.000620 
0.000099 
0.000000 
0.000000 
0.000000 
0.000000 
0.000000 
0.000000 
0.000000 
0.000000 
0.000000 
0.000000 
0.000000 
0.000000 
0.000000 
0.000004 
0.000027 
0.000163 
0.000810 
0.003142 
0.008693 
0.014303 
0.008693 
0.003142 
0.000810 
0.000163 
0.000026 
0.000000 
0.000000 
0.000000 
0.000000 
0.000000 
0.000000 
0.000000 
0.000000 
0.000000 
0.000000 
0.000000 
0.000000 
0.000000 
0.000001 
0.000006 
0.000033 
0.000163 
0.000620 
0.001683 
0.002726 
0.001683 
0.000620 
0.000163 
0.000033 
0.000005 
0.000000 
0.000000 
0.000000 
0.000000 
0.000000 
0.000000 
0.000000 
0.000000 
0.000000 
0.000000 
0.000000 
0.000000 
0.000000 
0.000000 
0.000001 
0.000005 
0.000026 
0.000099 
0.000265 
0.000423 
0.000265 
0.000099 
0.000026 
0.000005 
0.000001 
