25.000000 25.000000 1.000000
0.000004 
0.000026 
0.000125 
0.000424 
0.000810 
0.000424 
0.000125 
0.000026 
0.000004 
0.000001 
0.000000 
0.000000 
0.000000 
0.000000 
0.000000 
0.000000 
0.000000 
0.000000 
0.000000 
0.000000 
0.000000 
0.000000 
0.000000 
0.000000 
0.000000 
0.000026 
0.000167 
0.000822 
0.002830 
0.005498 
0.002830 
0.000822 
0.000167 
0.000026 
0.000003 
0.000000 
0.000000 
0.000000 
0.000000 
0.000000 
0.000000 
0.000000 
0.000000 
0.000000 
0.000000 
0.000000 
0.000000 
0.000000 
0.000000 
0.000000 
0.000125 
0.000822 
0.004122 
0.014460 
0.028581 
0.014460 
0.004122 
0.000822 
0.000127 
0.000016 
0.000002 
0.000000 
0.000000 
0.000000 
0.000000 
0.000000 
0.000000 
0.000000 
0.000000 
0.000000 
0.000000 
0.000000 
0.000000 
0.000000 
0.000000 
0.000424 
0.002830 
0.014460 
0.051748 
0.104055 
0.051748 
0.014460 
0.002830 
0.000429 
0.000053 
0.000006 
0.000001 
0.000000 
0.000000 
0.000000 
0.000000 
0.000000 
0.000000 
0.000000 
0.000000 
0.000000 
0.000000 
0.000000 
0.000000 
0.000000 
0.000810 
0.005498 
0.028581 
0.104055 
0.212171 
0.104055 
0.028581 
0.005499 
0.000821 
0.000101 
0.000010 
0.000001 
0.000000 
0.000000 
0.000000 
0.000000 
0.000000 
0.000000 
0.000000 
0.000000 
0.000000 
0.000000 
0.000000 
0.000000 
0.000000 
0.000424 
0.002830 
0.014460 
0.051748 
0.104055 
0.051748 
0.014460 
0.002830 
0.000429 
0.000053 
0.000006 
0.000001 
0.000000 
0.000000 
0.000000 
0.000000 
0.000000 
0.000000 
0.000000 
0.000000 
0.000000 
0.000000 
0.000000 
0.000000 
0.000000 
0.000125 
0.000822 
0.004122 
0.014460 
0.028581 
0.014460 
0.004122 
0.000822 
0.000127 
0.000016 
0.000002 
0.000000 
0.000000 
0.000000 
0.000000 
0.000000 
0.000000 
0.000000 
0.000000 
0.000000 
0.000000 
0.000000 
0.000000 
0.000000 
0.000000 
0.000026 
0.000167 
0.000822 
0.002830 
0.005499 
0.002830 
0.000822 
0.000167 
0.000026 
0.000003 
0.000000 
0.000000 
0.000000 
0.000000 
0.000000 
0.000000 
0.000000 
0.000000 
0.000000 
0.000000 
0.000000 
0.000000 
0.000000 
0.000000 
0.000000 
0.000004 
0.000026 
0.000127 
0.000429 
0.000821 
0.000429 
0.000127 
0.000026 
0.000004 
0.000001 
0.000000 
0.000000 
0.000000 
0.000000 
0.000000 
0.000000 
0.000000 
0.000000 
0.000000 
0.000000 
0.000000 
0.000000 
0.000000 
0.000000 
0.000000 
0.000001 
0.000003 
0.000016 
0.000053 
0.000101 
0.000053 
0.000016 
0.000003 
0.000001 
0.000000 
0.000000 
0.000000 
0.000000 
0.000000 
0.000000 
0.000000 
0.000000 
0.000000 
0.000000 
0.000000 
0.000000 
0.000000 
0.000000 
0.000000 
0.000000 
0.000000 
0.000000 
0.000002 
0.000006 
0.000010 
0.000006 
0.000002 
0.000000 
0.000000 
0.000000 
0.000000 
0.000000 
0.000000 
0.000000 
0.000000 
0.000000 
0.000000 
0.000000 
0.000000 
0.000000 
0.000000 
0.000000 
0.000000 
0.000000 
0.000000 
0.000000 
0.000000 
0.000000 
0.000001 
0.000001 
0.000001 
0.000000 
0.000000 
0.000000 
0.000000 
0.000000 
0.000000 
0.000000 
0.000000 
0.000000 
0.000000 
0.000000 
0.000001 
0.000002 
0.000004 
0.000002 
0.000001 
0.000000 
0.000000 
0.000000 
0.000000 
0.000000 
0.000000 
0.000000 
0.000000 
0.000000 
0.000000 
0.000000 
0.000000 
0.000000 
0.000000 
0.000000 
0.000000 
0.000000 
0.000000 
0.000000 
0.000002 
0.000008 
0.000023 
0.000038 
0.000023 
0.000008 
0.000002 
0.000000 
0.000000 
0.000000 
0.000000 
0.000000 
0.000000 
0.000000 
0.000000 
0.000000 
0.000000 
0.000000 
0.000000 
0.000000 
0.000000 
0.000000 
0.000000 
0.000000 
0.000003 
0.000018 
0.000075 
0.000212 
0.000343 
0.000212 
0.000075 
0.000018 
0.000003 
0.000000 
0.000000 
0.000000 
0.000000 
0.000000 
0.000000 
0.000000 
0.000000 
0.000000 
0.000000 
0.000000 
0.000000 
0.000000 
0.000000 
0.000000 
0.000004 
0.000027 
0.000146 
0.000588 
0.001631 
0.002620 
0.001631 
0.000588 
0.000146 
0.000027 
0.000004 
0.000000 
0.000000 
0.000000 
0.000000 
0.000000 
0.000000 
0.000000 
0.000000 
0.000000 
0.000000 
0.000000 
0.000000 
0.000000 
0.000003 
0.000027 
0.000181 
0.000953 
0.003787 
0.010373 
0.016527 
0.010373 
0.003787 
0.000953 
0.000181 
0.000027 
0.000000 
0.000000 
0.000000 
0.000000 
0.000000 
0.000000 
0.000000 
0.000000 
0.000000 
0.000000 
0.000000 
0.000000 
0.000002 
0.000018 
0.000146 
0.000953 
0.004954 
0.019429 
0.052591 
0.083114 
0.052591 
0.019429 
0.004954 
0.000953 
0.000144 
0.000000 
0.000000 
0.000000 
0.000000 
0.000000 
0.000000 
0.000000 
0.000000 
0.000000 
0.000000 
0.000000 
0.000001 
0.000008 
0.000075 
0.000588 
0.003787 
0.019429 
0.075242 
0.201430 
0.315971 
0.201430 
0.075242 
0.019429 
0.003786 
0.000580 
0.000000 
0.000000 
0.000000 
0.000000 
0.000000 
0.000000 
0.000000 
0.000000 
0.000000 
0.000000 
0.000000 
0.000002 
0.000023 
0.000212 
0.001631 
0.010373 
0.052591 
0.201430 
0.534049 
0.832362 
0.534049 
0.201430 
0.052591 
0.010371 
0.001607 
0.000000 
0.000000 
0.000000 
0.000000 
0.000000 
0.000000 
0.000000 
0.000000 
0.000000 
0.000000 
0.000000 
0.000004 
0.000038 
0.000343 
0.002620 
0.016527 
0.083114 
0.315971 
0.832362 
1.291916 
0.832362 
0.315971 
0.083114 
0.016523 
0.002582 
0.000000 
0.000000 
0.000000 
0.000000 
0.000000 
0.000000 
0.000000 
0.000000 
0.000000 
0.000000 
0.000000 
0.000002 
0.000023 
0.000212 
0.001631 
0.010373 
0.052591 
0.201430 
0.534049 
0.832362 
0.534049 
0.201430 
0.052591 
0.010371 
0.001607 
0.000000 
0.000000 
0.000000 
0.000000 
0.000000 
0.000000 
0.000000 
0.000000 
0.000000 
0.000000 
0.000000 
0.000001 
0.000008 
0.000075 
0.000588 
0.003787 
0.019429 
0.075242 
0.201430 
0.315971 
0.201430 
0.075242 
0.019429 
0.003786 
0.000580 
0.000000 
0.000000 
0.000000 
0.000000 
0.000000 
0.000000 
0.000000 
0.000000 
0.000000 
0.000000 
0.000000 
0.000000 
0.000002 
0.000018 
0.000146 
0.000953 
0.004954 
0.019429 
0.052591 
0.083114 
0.052591 
0.019429 
0.004954 
0.000953 
0.000144 
0.000000 
0.000000 
0.000000 
0.000000 
0.000000 
0.000000 
0.000000 
0.000000 
0.000000 
0.000000 
0.000000 
0.000000 
0.000000 
0.000003 
0.000027 
0.000181 
0.000953 
0.003786 
0.010371 
0.016523 
0.010371 
0.003786 
0.000953 
0.000181 
0.000027 
0.000000 
0.000000 
0.000000 
0.000000 
0.000000 
0.000000 
0.000000 
0.000000 
0.000000 
0.000000 
0.000000 
0.000000 
0.000000 
0.000000 
0.000004 
0.000027 
0.000144 
0.000580 
0.001607 
0.002582 
0.001607 
0.000580 
0.000144 
0.000027 
0.000004 
