25.000000 25.000000 1.000000
0.000021 
0.000100 
0.000362 
0.000936 
0.001465 
0.000936 
0.000362 
0.000100 
0.000022 
0.000004 
0.000001 
0.000000 
0.000000 
0.000000 
0.000000 
0.000000 
0.000000 
0.000000 
0.000000 
0.000000 
0.000000 
0.000000 
0.000000 
0.000000 
0.000000 
0.000100 
0.000483 
0.001775 
0.004679 
0.007434 
0.004679 
0.001775 
0.000483 
0.000103 
0.000018 
0.000003 
0.000000 
0.000000 
0.000000 
0.000000 
0.000000 
0.000000 
0.000000 
0.000000 
0.000000 
0.000000 
0.000000 
0.000000 
0.000000 
0.000000 
0.000362 
0.001775 
0.006668 
0.017945 
0.028958 
0.017945 
0.006669 
0.001777 
0.000371 
0.000064 
0.000009 
0.000001 
0.000000 
0.000000 
0.000000 
0.000000 
0.000000 
0.000000 
0.000000 
0.000000 
0.000000 
0.000000 
0.000000 
0.000000 
0.000000 
0.000936 
0.004679 
0.017945 
0.049260 
0.080615 
0.049261 
0.017946 
0.004682 
0.000959 
0.000163 
0.000024 
0.000003 
0.000000 
0.000000 
0.000000 
0.000000 
0.000000 
0.000000 
0.000000 
0.000000 
0.000000 
0.000000 
0.000000 
0.000000 
0.000000 
0.001465 
0.007434 
0.028958 
0.080615 
0.133204 
0.080615 
0.028958 
0.007439 
0.001501 
0.000251 
0.000036 
0.000005 
0.000001 
0.000000 
0.000000 
0.000000 
0.000000 
0.000000 
0.000000 
0.000000 
0.000000 
0.000000 
0.000000 
0.000000 
0.000000 
0.000936 
0.004679 
0.017945 
0.049261 
0.080615 
0.049261 
0.017946 
0.004682 
0.000959 
0.000163 
0.000024 
0.000003 
0.000000 
0.000000 
0.000000 
0.000000 
0.000000 
0.000000 
0.000000 
0.000000 
0.000000 
0.000000 
0.000000 
0.000000 
0.000000 
0.000362 
0.001775 
0.006669 
0.017946 
0.028958 
0.017946 
0.006669 
0.001777 
0.000371 
0.000064 
0.000009 
0.000001 
0.000000 
0.000000 
0.000000 
0.000000 
0.000000 
0.000000 
0.000000 
0.000000 
0.000000 
0.000000 
0.000000 
0.000000 
0.000000 
0.000100 
0.000483 
0.001777 
0.004682 
0.007439 
0.004682 
0.001777 
0.000484 
0.000103 
0.000018 
0.000003 
0.000000 
0.000000 
0.000000 
0.000000 
0.000000 
0.000000 
0.000000 
0.000000 
0.000000 
0.000000 
0.000000 
0.000000 
0.000000 
0.000000 
0.000022 
0.000103 
0.000371 
0.000959 
0.001501 
0.000959 
0.000371 
0.000103 
0.000022 
0.000004 
0.000001 
0.000000 
0.000000 
0.000000 
0.000000 
0.000000 
0.000000 
0.000000 
0.000000 
0.000000 
0.000000 
0.000000 
0.000000 
0.000000 
0.000000 
0.000004 
0.000018 
0.000064 
0.000163 
0.000251 
0.000163 
0.000064 
0.000018 
0.000004 
0.000001 
0.000000 
0.000000 
0.000000 
0.000000 
0.000000 
0.000000 
0.000000 
0.000000 
0.000000 
0.000000 
0.000000 
0.000000 
0.000000 
0.000000 
0.000000 
0.000001 
0.000003 
0.000009 
0.000024 
0.000036 
0.000024 
0.000009 
0.000003 
0.000001 
0.000000 
0.000000 
0.000000 
0.000000 
0.000000 
0.000000 
0.000000 
0.000000 
0.000001 
0.000001 
0.000002 
0.000001 
0.000001 
0.000000 
0.000000 
0.000000 
0.000000 
0.000000 
0.000001 
0.000003 
0.000005 
0.000003 
0.000001 
0.000000 
0.000000 
0.000000 
0.000000 
0.000000 
0.000000 
0.000000 
0.000000 
0.000000 
0.000002 
0.000005 
0.000011 
0.000014 
0.000011 
0.000005 
0.000002 
0.000000 
0.000000 
0.000000 
0.000000 
0.000000 
0.000000 
0.000001 
0.000000 
0.000000 
0.000000 
0.000000 
0.000000 
0.000000 
0.000000 
0.000000 
0.000000 
0.000001 
0.000003 
0.000012 
0.000036 
0.000078 
0.000106 
0.000078 
0.000036 
0.000012 
0.000003 
0.000001 
0.000000 
0.000000 
0.000000 
0.000000 
0.000000 
0.000000 
0.000000 
0.000000 
0.000000 
0.000000 
0.000000 
0.000000 
0.000000 
0.000001 
0.000004 
0.000021 
0.000079 
0.000235 
0.000498 
0.000676 
0.000498 
0.000235 
0.000079 
0.000021 
0.000004 
0.000000 
0.000000 
0.000000 
0.000000 
0.000000 
0.000000 
0.000000 
0.000000 
0.000000 
0.000000 
0.000000 
0.000000 
0.000001 
0.000004 
0.000024 
0.000115 
0.000440 
0.001293 
0.002724 
0.003682 
0.002724 
0.001293 
0.000440 
0.000115 
0.000024 
0.000000 
0.000000 
0.000000 
0.000000 
0.000000 
0.000000 
0.000000 
0.000000 
0.000000 
0.000000 
0.000000 
0.000000 
0.000003 
0.000021 
0.000115 
0.000540 
0.002041 
0.005945 
0.012444 
0.016754 
0.012444 
0.005945 
0.002041 
0.000540 
0.000112 
0.000000 
0.000000 
0.000000 
0.000000 
0.000000 
0.000000 
0.000000 
0.000000 
0.000000 
0.000000 
0.000000 
0.000002 
0.000012 
0.000079 
0.000440 
0.002041 
0.007647 
0.022098 
0.045962 
0.061670 
0.045962 
0.022098 
0.007646 
0.002040 
0.000428 
0.000000 
0.000000 
0.000000 
0.000000 
0.000000 
0.000000 
0.000000 
0.000000 
0.000000 
0.000000 
0.000001 
0.000005 
0.000036 
0.000235 
0.001293 
0.005945 
0.022098 
0.063418 
0.131159 
0.175462 
0.131159 
0.063418 
0.022098 
0.005940 
0.001256 
0.000000 
0.000000 
0.000000 
0.000000 
0.000000 
0.000000 
0.000000 
0.000000 
0.000000 
0.000000 
0.000001 
0.000011 
0.000078 
0.000498 
0.002724 
0.012444 
0.045962 
0.131159 
0.270051 
0.360453 
0.270051 
0.131159 
0.045960 
0.012433 
0.002647 
0.000000 
0.000000 
0.000000 
0.000000 
0.000000 
0.000000 
0.000000 
0.000000 
0.000000 
0.000000 
0.000002 
0.000014 
0.000106 
0.000676 
0.003682 
0.016754 
0.061670 
0.175462 
0.360453 
0.480601 
0.360453 
0.175462 
0.061668 
0.016740 
0.003576 
0.000000 
0.000000 
0.000000 
0.000000 
0.000000 
0.000000 
0.000000 
0.000000 
0.000000 
0.000000 
0.000001 
0.000011 
0.000078 
0.000498 
0.002724 
0.012444 
0.045962 
0.131159 
0.270051 
0.360453 
0.270051 
0.131159 
0.045960 
0.012433 
0.002647 
0.000000 
0.000000 
0.000000 
0.000000 
0.000000 
0.000000 
0.000000 
0.000000 
0.000000 
0.000000 
0.000001 
0.000005 
0.000036 
0.000235 
0.001293 
0.005945 
0.022098 
0.063418 
0.131159 
0.175462 
0.131159 
0.063418 
0.022098 
0.005940 
0.001256 
0.000000 
0.000000 
0.000000 
0.000000 
0.000000 
0.000000 
0.000000 
0.000000 
0.000000 
0.000000 
0.000000 
0.000002 
0.000012 
0.000079 
0.000440 
0.002041 
0.007646 
0.022098 
0.045960 
0.061668 
0.045960 
0.022098 
0.007646 
0.002040 
0.000428 
0.000000 
0.000000 
0.000000 
0.000000 
0.000000 
0.000000 
0.000000 
0.000000 
0.000000 
0.000000 
0.000000 
0.000000 
0.000003 
0.000021 
0.000115 
0.000540 
0.002040 
0.005940 
0.012433 
0.016740 
0.012433 
0.005940 
0.002040 
0.000539 
0.000112 
0.000000 
0.000000 
0.000000 
0.000000 
0.000000 
0.000000 
0.000000 
0.000000 
0.000000 
0.000000 
0.000000 
0.000000 
0.000001 
0.000004 
0.000024 
0.000112 
0.000428 
0.001256 
0.002647 
0.003576 
0.002647 
0.001256 
0.000428 
0.000112 
0.000023 
