25.000000 25.000000 1.000000
0.000011 
0.000061 
0.000247 
0.000707 
0.001192 
0.000707 
0.000247 
0.000061 
0.000012 
0.000002 
0.000000 
0.000000 
0.000000 
0.000000 
0.000000 
0.000000 
0.000000 
0.000000 
0.000000 
0.000000 
0.000000 
0.000000 
0.000000 
0.000000 
0.000000 
0.000061 
0.000329 
0.001356 
0.003961 
0.006780 
0.003961 
0.001356 
0.000329 
0.000062 
0.000010 
0.000001 
0.000000 
0.000000 
0.000000 
0.000000 
0.000000 
0.000000 
0.000000 
0.000000 
0.000000 
0.000000 
0.000000 
0.000000 
0.000000 
0.000000 
0.000247 
0.001356 
0.005701 
0.016999 
0.029589 
0.016999 
0.005701 
0.001357 
0.000252 
0.000038 
0.000005 
0.000001 
0.000000 
0.000000 
0.000000 
0.000000 
0.000000 
0.000000 
0.000000 
0.000000 
0.000000 
0.000000 
0.000000 
0.000000 
0.000000 
0.000707 
0.003961 
0.016999 
0.051738 
0.091483 
0.051738 
0.016999 
0.003962 
0.000721 
0.000108 
0.000014 
0.000002 
0.000000 
0.000000 
0.000000 
0.000000 
0.000000 
0.000000 
0.000000 
0.000000 
0.000000 
0.000000 
0.000000 
0.000000 
0.000000 
0.001192 
0.006780 
0.029589 
0.091483 
0.163647 
0.091483 
0.029589 
0.006783 
0.001215 
0.000180 
0.000023 
0.000003 
0.000000 
0.000000 
0.000000 
0.000000 
0.000000 
0.000000 
0.000000 
0.000000 
0.000000 
0.000000 
0.000000 
0.000000 
0.000000 
0.000707 
0.003961 
0.016999 
0.051738 
0.091483 
0.051738 
0.016999 
0.003962 
0.000721 
0.000108 
0.000014 
0.000002 
0.000000 
0.000000 
0.000000 
0.000000 
0.000000 
0.000000 
0.000000 
0.000000 
0.000000 
0.000000 
0.000000 
0.000000 
0.000000 
0.000247 
0.001356 
0.005701 
0.016999 
0.029589 
0.016999 
0.005701 
0.001357 
0.000252 
0.000038 
0.000005 
0.000001 
0.000000 
0.000000 
0.000000 
0.000000 
0.000000 
0.000000 
0.000000 
0.000000 
0.000000 
0.000000 
0.000000 
0.000000 
0.000000 
0.000061 
0.000329 
0.001357 
0.003962 
0.006783 
0.003962 
0.001357 
0.000329 
0.000062 
0.000010 
0.000001 
0.000000 
0.000000 
0.000000 
0.000000 
0.000000 
0.000000 
0.000000 
0.000000 
0.000000 
0.000000 
0.000000 
0.000000 
0.000000 
0.000000 
0.000012 
0.000062 
0.000252 
0.000721 
0.001215 
0.000721 
0.000252 
0.000062 
0.000012 
0.000002 
0.000000 
0.000000 
0.000000 
0.000000 
0.000000 
0.000000 
0.000000 
0.000000 
0.000000 
0.000000 
0.000000 
0.000000 
0.000000 
0.000000 
0.000000 
0.000002 
0.000010 
0.000038 
0.000108 
0.000180 
0.000108 
0.000038 
0.000010 
0.000002 
0.000000 
0.000000 
0.000000 
0.000000 
0.000000 
0.000000 
0.000000 
0.000000 
0.000000 
0.000000 
0.000000 
0.000000 
0.000000 
0.000000 
0.000000 
0.000000 
0.000000 
0.000001 
0.000005 
0.000014 
0.000023 
0.000014 
0.000005 
0.000001 
0.000000 
0.000000 
0.000000 
0.000000 
0.000000 
0.000000 
0.000000 
0.000000 
0.000000 
0.000000 
0.000001 
0.000001 
0.000001 
0.000000 
0.000000 
0.000000 
0.000000 
0.000000 
0.000000 
0.000001 
0.000002 
0.000003 
0.000002 
0.000001 
0.000000 
0.000000 
0.000000 
0.000000 
0.000000 
0.000000 
0.000000 
0.000000 
0.000000 
0.000001 
0.000002 
0.000006 
0.000009 
0.000006 
0.000002 
0.000001 
0.000000 
0.000000 
0.000000 
0.000000 
0.000000 
0.000000 
0.000000 
0.000000 
0.000000 
0.000000 
0.000000 
0.000000 
0.000000 
0.000000 
0.000000 
0.000000 
0.000000 
0.000001 
0.000006 
0.000021 
0.000051 
0.000073 
0.000051 
0.000021 
0.000006 
0.000001 
0.000000 
0.000000 
0.000000 
0.000000 
0.000000 
0.000000 
0.000000 
0.000000 
0.000000 
0.000000 
0.000000 
0.000000 
0.000000 
0.000000 
0.000000 
0.000002 
0.000011 
0.000047 
0.000158 
0.000372 
0.000538 
0.000372 
0.000158 
0.000047 
0.000011 
0.000002 
0.000000 
0.000000 
0.000000 
0.000000 
0.000000 
0.000000 
0.000000 
0.000000 
0.000000 
0.000000 
0.000000 
0.000000 
0.000000 
0.000002 
0.000013 
0.000069 
0.000300 
0.000997 
0.002331 
0.003350 
0.002331 
0.000997 
0.000300 
0.000069 
0.000012 
0.000000 
0.000000 
0.000000 
0.000000 
0.000000 
0.000000 
0.000000 
0.000000 
0.000000 
0.000000 
0.000000 
0.000000 
0.000001 
0.000011 
0.000069 
0.000370 
0.001593 
0.005236 
0.012141 
0.017354 
0.012141 
0.005236 
0.001593 
0.000370 
0.000067 
0.000000 
0.000000 
0.000000 
0.000000 
0.000000 
0.000000 
0.000000 
0.000000 
0.000000 
0.000000 
0.000000 
0.000001 
0.000006 
0.000047 
0.000300 
0.001593 
0.006788 
0.022093 
0.050803 
0.072252 
0.050803 
0.022093 
0.006788 
0.001592 
0.000294 
0.000000 
0.000000 
0.000000 
0.000000 
0.000000 
0.000000 
0.000000 
0.000000 
0.000000 
0.000000 
0.000000 
0.000002 
0.000021 
0.000158 
0.000997 
0.005236 
0.022093 
0.071259 
0.162619 
0.230242 
0.162619 
0.071259 
0.022093 
0.005233 
0.000975 
0.000000 
0.000000 
0.000000 
0.000000 
0.000000 
0.000000 
0.000000 
0.000000 
0.000000 
0.000000 
0.000001 
0.000006 
0.000051 
0.000372 
0.002331 
0.012141 
0.050803 
0.162619 
0.368771 
0.520221 
0.368771 
0.162619 
0.050803 
0.012135 
0.002281 
0.000000 
0.000000 
0.000000 
0.000000 
0.000000 
0.000000 
0.000000 
0.000000 
0.000000 
0.000000 
0.000001 
0.000009 
0.000073 
0.000538 
0.003350 
0.017354 
0.072252 
0.230242 
0.520221 
0.732392 
0.520221 
0.230242 
0.072251 
0.017345 
0.003277 
0.000000 
0.000000 
0.000000 
0.000000 
0.000000 
0.000000 
0.000000 
0.000000 
0.000000 
0.000000 
0.000001 
0.000006 
0.000051 
0.000372 
0.002331 
0.012141 
0.050803 
0.162619 
0.368771 
0.520221 
0.368771 
0.162619 
0.050803 
0.012135 
0.002281 
0.000000 
0.000000 
0.000000 
0.000000 
0.000000 
0.000000 
0.000000 
0.000000 
0.000000 
0.000000 
0.000000 
0.000002 
0.000021 
0.000158 
0.000997 
0.005236 
0.022093 
0.071259 
0.162619 
0.230242 
0.162619 
0.071259 
0.022093 
0.005233 
0.000975 
0.000000 
0.000000 
0.000000 
0.000000 
0.000000 
0.000000 
0.000000 
0.000000 
0.000000 
0.000000 
0.000000 
0.000001 
0.000006 
0.000047 
0.000300 
0.001593 
0.006788 
0.022093 
0.050803 
0.072251 
0.050803 
0.022093 
0.006788 
0.001592 
0.000294 
0.000000 
0.000000 
0.000000 
0.000000 
0.000000 
0.000000 
0.000000 
0.000000 
0.000000 
0.000000 
0.000000 
0.000000 
0.000001 
0.000011 
0.000069 
0.000370 
0.001592 
0.005233 
0.012135 
0.017345 
0.012135 
0.005233 
0.001592 
0.000370 
0.000067 
0.000000 
0.000000 
0.000000 
0.000000 
0.000000 
0.000000 
0.000000 
0.000000 
0.000000 
0.000000 
0.000000 
0.000000 
0.000000 
0.000002 
0.000012 
0.000067 
0.000294 
0.000975 
0.002281 
0.003277 
0.002281 
0.000975 
0.000294 
0.000067 
0.000012 
