25.000000 25.000000 1.000000
0.000009 
0.000089 
0.000636 
0.003050 
0.007650 
0.003050 
0.000636 
0.000089 
0.000009 
0.000001 
0.000000 
0.000000 
0.000000 
0.000000 
0.000000 
0.000000 
0.000000 
0.000000 
0.000000 
0.000000 
0.000000 
0.000000 
0.000000 
0.000000 
0.000000 
0.000089 
0.000848 
0.006012 
0.028489 
0.070687 
0.028489 
0.006012 
0.000848 
0.000089 
0.000007 
0.000001 
0.000000 
0.000000 
0.000000 
0.000000 
0.000000 
0.000000 
0.000000 
0.000000 
0.000000 
0.000000 
0.000000 
0.000000 
0.000000 
0.000000 
0.000636 
0.006012 
0.042103 
0.197100 
0.483786 
0.197100 
0.042103 
0.006013 
0.000640 
0.000054 
0.000004 
0.000000 
0.000000 
0.000000 
0.000000 
0.000000 
0.000000 
0.000000 
0.000000 
0.000000 
0.000000 
0.000000 
0.000000 
0.000000 
0.000000 
0.003050 
0.028489 
0.197100 
0.911857 
2.215051 
0.911857 
0.197100 
0.028490 
0.003068 
0.000262 
0.000018 
0.000001 
0.000000 
0.000000 
0.000000 
0.000000 
0.000000 
0.000000 
0.000000 
0.000000 
0.000000 
0.000000 
0.000000 
0.000000 
0.000000 
0.007650 
0.070687 
0.483786 
2.215051 
5.332310 
2.215051 
0.483787 
0.070690 
0.007697 
0.000664 
0.000047 
0.000003 
0.000000 
0.000000 
0.000000 
0.000000 
0.000000 
0.000000 
0.000000 
0.000000 
0.000000 
0.000000 
0.000000 
0.000000 
0.000000 
0.003050 
0.028489 
0.197100 
0.911857 
2.215051 
0.911857 
0.197100 
0.028490 
0.003068 
0.000262 
0.000018 
0.000001 
0.000000 
0.000000 
0.000000 
0.000000 
0.000000 
0.000000 
0.000000 
0.000000 
0.000000 
0.000000 
0.000000 
0.000000 
0.000000 
0.000636 
0.006012 
0.042103 
0.197100 
0.483787 
0.197100 
0.042103 
0.006013 
0.000640 
0.000054 
0.000004 
0.000000 
0.000000 
0.000000 
0.000000 
0.000000 
0.000000 
0.000000 
0.000000 
0.000000 
0.000000 
0.000000 
0.000000 
0.000000 
0.000000 
0.000089 
0.000848 
0.006013 
0.028490 
0.070690 
0.028490 
0.006013 
0.000848 
0.000089 
0.000007 
0.000001 
0.000000 
0.000000 
0.000000 
0.000000 
0.000000 
0.000000 
0.000000 
0.000000 
0.000000 
0.000000 
0.000000 
0.000000 
0.000000 
0.000000 
0.000009 
0.000089 
0.000640 
0.003068 
0.007697 
0.003068 
0.000640 
0.000089 
0.000009 
0.000001 
0.000000 
0.000000 
0.000000 
0.000000 
0.000000 
0.000000 
0.000000 
0.000000 
0.000000 
0.000000 
0.000000 
0.000000 
0.000000 
0.000000 
0.000000 
0.000001 
0.000007 
0.000054 
0.000262 
0.000664 
0.000262 
0.000054 
0.000007 
0.000001 
0.000000 
0.000000 
0.000000 
0.000000 
0.000000 
0.000000 
0.000000 
0.000000 
0.000000 
0.000000 
0.000000 
0.000000 
0.000000 
0.000000 
0.000000 
0.000000 
0.000000 
0.000001 
0.000004 
0.000018 
0.000047 
0.000018 
0.000004 
0.000001 
0.000000 
0.000000 
0.000000 
0.000000 
0.000000 
0.000000 
0.000000 
0.000000 
0.000000 
0.000000 
0.000000 
0.000000 
0.000000 
0.000000 
0.000000 
0.000000 
0.000000 
0.000000 
0.000000 
0.000000 
0.000001 
0.000003 
0.000001 
0.000000 
0.000000 
0.000000 
0.000000 
0.000000 
0.000000 
0.000000 
0.000000 
0.000000 
0.000000 
0.000000 
0.000000 
0.000000 
0.000000 
0.000000 
0.000000 
0.000000 
0.000000 
0.000000 
0.000000 
0.000000 
0.000000 
0.000000 
0.000000 
0.000000 
0.000000 
0.000000 
0.000000 
0.000000 
0.000000 
0.000000 
0.000000 
0.000000 
0.000000 
0.000000 
0.000000 
0.000001 
0.000002 
0.000003 
0.000002 
0.000001 
0.000000 
0.000000 
0.000000 
0.000000 
0.000000 
0.000000 
0.000000 
0.000000 
0.000000 
0.000000 
0.000000 
0.000000 
0.000000 
0.000000 
0.000000 
0.000000 
0.000000 
0.000000 
0.000000 
0.000001 
0.000005 
0.000017 
0.000030 
0.000017 
0.000005 
0.000001 
0.000000 
0.000000 
0.000000 
0.000000 
0.000000 
0.000000 
0.000000 
0.000000 
0.000000 
0.000000 
0.000000 
0.000000 
0.000000 
0.000000 
0.000000 
0.000000 
0.000000 
0.000002 
0.000011 
0.000047 
0.000146 
0.000261 
0.000146 
0.000047 
0.000011 
0.000002 
0.000000 
0.000000 
0.000000 
0.000000 
0.000000 
0.000000 
0.000000 
0.000000 
0.000000 
0.000000 
0.000000 
0.000000 
0.000000 
0.000000 
0.000000 
0.000002 
0.000013 
0.000077 
0.000344 
0.001085 
0.001961 
0.001085 
0.000344 
0.000077 
0.000013 
0.000002 
0.000000 
0.000000 
0.000000 
0.000000 
0.000000 
0.000000 
0.000000 
0.000000 
0.000000 
0.000000 
0.000000 
0.000000 
0.000000 
0.000001 
0.000011 
0.000077 
0.000452 
0.002063 
0.006613 
0.012147 
0.006613 
0.002063 
0.000452 
0.000077 
0.000010 
0.000000 
0.000000 
0.000000 
0.000000 
0.000000 
0.000000 
0.000000 
0.000000 
0.000000 
0.000000 
0.000000 
0.000000 
0.000001 
0.000005 
0.000047 
0.000344 
0.002063 
0.009585 
0.031335 
0.058554 
0.031335 
0.009585 
0.002063 
0.000344 
0.000047 
0.000000 
0.000000 
0.000000 
0.000000 
0.000000 
0.000000 
0.000000 
0.000000 
0.000000 
0.000000 
0.000000 
0.000000 
0.000002 
0.000017 
0.000146 
0.001085 
0.006613 
0.031335 
0.104550 
0.198665 
0.104550 
0.031335 
0.006613 
0.001085 
0.000144 
0.000000 
0.000000 
0.000000 
0.000000 
0.000000 
0.000000 
0.000000 
0.000000 
0.000000 
0.000000 
0.000000 
0.000000 
0.000003 
0.000030 
0.000261 
0.001961 
0.012147 
0.058554 
0.198665 
0.382468 
0.198665 
0.058554 
0.012147 
0.001961 
0.000258 
0.000000 
0.000000 
0.000000 
0.000000 
0.000000 
0.000000 
0.000000 
0.000000 
0.000000 
0.000000 
0.000000 
0.000000 
0.000002 
0.000017 
0.000146 
0.001085 
0.006613 
0.031335 
0.104550 
0.198665 
0.104550 
0.031335 
0.006613 
0.001085 
0.000144 
0.000000 
0.000000 
0.000000 
0.000000 
0.000000 
0.000000 
0.000000 
0.000000 
0.000000 
0.000000 
0.000000 
0.000000 
0.000001 
0.000005 
0.000047 
0.000344 
0.002063 
0.009585 
0.031335 
0.058554 
0.031335 
0.009585 
0.002063 
0.000344 
0.000047 
0.000000 
0.000000 
0.000000 
0.000000 
0.000000 
0.000000 
0.000000 
0.000000 
0.000000 
0.000000 
0.000000 
0.000000 
0.000000 
0.000001 
0.000011 
0.000077 
0.000452 
0.002063 
0.006613 
0.012147 
0.006613 
0.002063 
0.000452 
0.000077 
0.000010 
0.000000 
0.000000 
0.000000 
0.000000 
0.000000 
0.000000 
0.000000 
0.000000 
0.000000 
0.000000 
0.000000 
0.000000 
0.000000 
0.000000 
0.000002 
0.000013 
0.000077 
0.000344 
0.001085 
0.001961 
0.001085 
0.000344 
0.000077 
0.000013 
0.000002 
0.000000 
0.000000 
0.000000 
0.000000 
0.000000 
0.000000 
0.000000 
0.000000 
0.000000 
0.000000 
0.000000 
0.000000 
0.000000 
0.000000 
0.000000 
0.000002 
0.000010 
0.000047 
0.000144 
0.000258 
0.000144 
0.000047 
0.000010 
0.000002 
0.000000 
