25.000000 25.000000 1.000000
0.000041 
0.000297 
0.001609 
0.005915 
0.011851 
0.005915 
0.001609 
0.000297 
0.000041 
0.000005 
0.000000 
0.000000 
0.000000 
0.000000 
0.000000 
0.000000 
0.000000 
0.000000 
0.000000 
0.000000 
0.000000 
0.000000 
0.000000 
0.000000 
0.000000 
0.000297 
0.002146 
0.011539 
0.042086 
0.083744 
0.042086 
0.011539 
0.002146 
0.000300 
0.000034 
0.000003 
0.000000 
0.000000 
0.000000 
0.000000 
0.000000 
0.000000 
0.000000 
0.000000 
0.000000 
0.000000 
0.000000 
0.000000 
0.000000 
0.000000 
0.001609 
0.011539 
0.061543 
0.222621 
0.439956 
0.222621 
0.061543 
0.011541 
0.001626 
0.000183 
0.000017 
0.000001 
0.000000 
0.000000 
0.000000 
0.000000 
0.000000 
0.000000 
0.000000 
0.000000 
0.000000 
0.000000 
0.000000 
0.000000 
0.000000 
0.005915 
0.042086 
0.222621 
0.798917 
1.568599 
0.798917 
0.222621 
0.042091 
0.005979 
0.000677 
0.000064 
0.000005 
0.000000 
0.000000 
0.000000 
0.000000 
0.000000 
0.000000 
0.000000 
0.000000 
0.000000 
0.000000 
0.000000 
0.000000 
0.000000 
0.011851 
0.083744 
0.439956 
1.568599 
3.063571 
1.568599 
0.439956 
0.083755 
0.011980 
0.001366 
0.000129 
0.000010 
0.000001 
0.000000 
0.000000 
0.000000 
0.000000 
0.000000 
0.000000 
0.000000 
0.000000 
0.000000 
0.000000 
0.000000 
0.000000 
0.005915 
0.042086 
0.222621 
0.798917 
1.568599 
0.798917 
0.222621 
0.042091 
0.005979 
0.000677 
0.000064 
0.000005 
0.000000 
0.000000 
0.000000 
0.000000 
0.000000 
0.000000 
0.000000 
0.000000 
0.000000 
0.000000 
0.000000 
0.000000 
0.000000 
0.001609 
0.011539 
0.061543 
0.222621 
0.439956 
0.222621 
0.061543 
0.011541 
0.001626 
0.000183 
0.000017 
0.000001 
0.000000 
0.000000 
0.000000 
0.000000 
0.000000 
0.000000 
0.000000 
0.000000 
0.000000 
0.000000 
0.000000 
0.000000 
0.000000 
0.000297 
0.002146 
0.011541 
0.042091 
0.083755 
0.042091 
0.011541 
0.002146 
0.000300 
0.000034 
0.000003 
0.000000 
0.000000 
0.000000 
0.000000 
0.000000 
0.000000 
0.000000 
0.000000 
0.000000 
0.000000 
0.000000 
0.000000 
0.000000 
0.000000 
0.000041 
0.000300 
0.001626 
0.005979 
0.011980 
0.005979 
0.001626 
0.000300 
0.000042 
0.000005 
0.000000 
0.000000 
0.000000 
0.000000 
0.000000 
0.000000 
0.000000 
0.000000 
0.000000 
0.000000 
0.000000 
0.000000 
0.000000 
0.000000 
0.000000 
0.000005 
0.000034 
0.000183 
0.000677 
0.001366 
0.000677 
0.000183 
0.000034 
0.000005 
0.000001 
0.000000 
0.000000 
0.000000 
0.000000 
0.000000 
0.000000 
0.000000 
0.000000 
0.000000 
0.000000 
0.000000 
0.000000 
0.000000 
0.000000 
0.000000 
0.000000 
0.000003 
0.000017 
0.000064 
0.000129 
0.000064 
0.000017 
0.000003 
0.000000 
0.000000 
0.000000 
0.000000 
0.000000 
0.000000 
0.000000 
0.000000 
0.000000 
0.000000 
0.000000 
0.000000 
0.000000 
0.000000 
0.000000 
0.000000 
0.000000 
0.000000 
0.000000 
0.000001 
0.000005 
0.000010 
0.000005 
0.000001 
0.000000 
0.000000 
0.000000 
0.000000 
0.000000 
0.000000 
0.000000 
0.000000 
0.000000 
0.000000 
0.000000 
0.000001 
0.000001 
0.000001 
0.000000 
0.000000 
0.000000 
0.000000 
0.000000 
0.000000 
0.000000 
0.000000 
0.000001 
0.000000 
0.000000 
0.000000 
0.000000 
0.000000 
0.000000 
0.000000 
0.000000 
0.000000 
0.000000 
0.000000 
0.000001 
0.000003 
0.000007 
0.000010 
0.000007 
0.000003 
0.000001 
0.000000 
0.000000 
0.000000 
0.000000 
0.000000 
0.000000 
0.000000 
0.000000 
0.000000 
0.000000 
0.000000 
0.000000 
0.000000 
0.000000 
0.000000 
0.000000 
0.000000 
0.000001 
0.000006 
0.000021 
0.000051 
0.000077 
0.000051 
0.000021 
0.000006 
0.000001 
0.000000 
0.000000 
0.000000 
0.000000 
0.000000 
0.000000 
0.000000 
0.000000 
0.000000 
0.000000 
0.000000 
0.000000 
0.000000 
0.000000 
0.000000 
0.000002 
0.000009 
0.000040 
0.000138 
0.000345 
0.000527 
0.000345 
0.000138 
0.000040 
0.000009 
0.000002 
0.000000 
0.000000 
0.000000 
0.000000 
0.000000 
0.000000 
0.000000 
0.000000 
0.000000 
0.000000 
0.000000 
0.000000 
0.000000 
0.000001 
0.000009 
0.000049 
0.000221 
0.000784 
0.001995 
0.003089 
0.001995 
0.000784 
0.000221 
0.000049 
0.000009 
0.000000 
0.000000 
0.000000 
0.000000 
0.000000 
0.000000 
0.000000 
0.000000 
0.000000 
0.000000 
0.000000 
0.000000 
0.000001 
0.000006 
0.000040 
0.000221 
0.001020 
0.003685 
0.009564 
0.015034 
0.009564 
0.003685 
0.001020 
0.000221 
0.000039 
0.000000 
0.000000 
0.000000 
0.000000 
0.000000 
0.000000 
0.000000 
0.000000 
0.000000 
0.000000 
0.000000 
0.000000 
0.000003 
0.000021 
0.000138 
0.000784 
0.003685 
0.013600 
0.036042 
0.057528 
0.036042 
0.013600 
0.003685 
0.000784 
0.000135 
0.000000 
0.000000 
0.000000 
0.000000 
0.000000 
0.000000 
0.000000 
0.000000 
0.000000 
0.000000 
0.000000 
0.000001 
0.000007 
0.000051 
0.000345 
0.001995 
0.009564 
0.036042 
0.097420 
0.157649 
0.097420 
0.036042 
0.009564 
0.001994 
0.000338 
0.000000 
0.000000 
0.000000 
0.000000 
0.000000 
0.000000 
0.000000 
0.000000 
0.000000 
0.000000 
0.000000 
0.000001 
0.000010 
0.000077 
0.000527 
0.003089 
0.015034 
0.057528 
0.157649 
0.257503 
0.157649 
0.057528 
0.015034 
0.003088 
0.000517 
0.000000 
0.000000 
0.000000 
0.000000 
0.000000 
0.000000 
0.000000 
0.000000 
0.000000 
0.000000 
0.000000 
0.000001 
0.000007 
0.000051 
0.000345 
0.001995 
0.009564 
0.036042 
0.097420 
0.157649 
0.097420 
0.036042 
0.009564 
0.001994 
0.000338 
0.000000 
0.000000 
0.000000 
0.000000 
0.000000 
0.000000 
0.000000 
0.000000 
0.000000 
0.000000 
0.000000 
0.000000 
0.000003 
0.000021 
0.000138 
0.000784 
0.003685 
0.013600 
0.036042 
0.057528 
0.036042 
0.013600 
0.003685 
0.000784 
0.000135 
0.000000 
0.000000 
0.000000 
0.000000 
0.000000 
0.000000 
0.000000 
0.000000 
0.000000 
0.000000 
0.000000 
0.000000 
0.000001 
0.000006 
0.000040 
0.000221 
0.001020 
0.003685 
0.009564 
0.015034 
0.009564 
0.003685 
0.001020 
0.000221 
0.000039 
0.000000 
0.000000 
0.000000 
0.000000 
0.000000 
0.000000 
0.000000 
0.000000 
0.000000 
0.000000 
0.000000 
0.000000 
0.000000 
0.000001 
0.000009 
0.000049 
0.000221 
0.000784 
0.001994 
0.003088 
0.001994 
0.000784 
0.000221 
0.000049 
0.000009 
0.000000 
0.000000 
0.000000 
0.000000 
0.000000 
0.000000 
0.000000 
0.000000 
0.000000 
0.000000 
0.000000 
0.000000 
0.000000 
0.000000 
0.000002 
0.000009 
0.000039 
0.000135 
0.000338 
0.000517 
0.000338 
0.000135 
0.000039 
0.000009 
0.000002 
