25.000000 25.000000 1.000000
0.000019 
0.000093 
0.000342 
0.000899 
0.001423 
0.000899 
0.000342 
0.000093 
0.000020 
0.000003 
0.000001 
0.000000 
0.000000 
0.000000 
0.000000 
0.000000 
0.000000 
0.000000 
0.000000 
0.000000 
0.000000 
0.000000 
0.000000 
0.000000 
0.000000 
0.000093 
0.000456 
0.001708 
0.004573 
0.007348 
0.004573 
0.001708 
0.000457 
0.000096 
0.000016 
0.000002 
0.000000 
0.000000 
0.000000 
0.000000 
0.000000 
0.000000 
0.000000 
0.000000 
0.000000 
0.000000 
0.000000 
0.000000 
0.000000 
0.000000 
0.000342 
0.001708 
0.006529 
0.017848 
0.029130 
0.017848 
0.006529 
0.001709 
0.000351 
0.000059 
0.000009 
0.000001 
0.000000 
0.000000 
0.000000 
0.000000 
0.000000 
0.000000 
0.000000 
0.000000 
0.000000 
0.000000 
0.000000 
0.000000 
0.000000 
0.000899 
0.004573 
0.017848 
0.049778 
0.082417 
0.049778 
0.017848 
0.004576 
0.000921 
0.000153 
0.000022 
0.000003 
0.000000 
0.000000 
0.000000 
0.000000 
0.000000 
0.000000 
0.000000 
0.000000 
0.000000 
0.000000 
0.000000 
0.000000 
0.000000 
0.001423 
0.007348 
0.029130 
0.082417 
0.137824 
0.082418 
0.029130 
0.007352 
0.001456 
0.000239 
0.000034 
0.000004 
0.000000 
0.000000 
0.000000 
0.000000 
0.000000 
0.000000 
0.000000 
0.000000 
0.000000 
0.000000 
0.000000 
0.000000 
0.000000 
0.000899 
0.004573 
0.017848 
0.049778 
0.082418 
0.049778 
0.017848 
0.004576 
0.000921 
0.000153 
0.000022 
0.000003 
0.000000 
0.000000 
0.000000 
0.000000 
0.000000 
0.000000 
0.000000 
0.000000 
0.000000 
0.000000 
0.000000 
0.000000 
0.000000 
0.000342 
0.001708 
0.006529 
0.017848 
0.029130 
0.017848 
0.006529 
0.001709 
0.000351 
0.000059 
0.000009 
0.000001 
0.000000 
0.000000 
0.000000 
0.000000 
0.000000 
0.000000 
0.000000 
0.000000 
0.000000 
0.000000 
0.000000 
0.000000 
0.000000 
0.000093 
0.000457 
0.001709 
0.004576 
0.007352 
0.004576 
0.001709 
0.000457 
0.000096 
0.000016 
0.000002 
0.000000 
0.000000 
0.000000 
0.000000 
0.000000 
0.000000 
0.000000 
0.000000 
0.000000 
0.000000 
0.000000 
0.000000 
0.000000 
0.000000 
0.000020 
0.000096 
0.000351 
0.000921 
0.001456 
0.000921 
0.000351 
0.000096 
0.000020 
0.000004 
0.000001 
0.000000 
0.000000 
0.000000 
0.000000 
0.000000 
0.000000 
0.000000 
0.000000 
0.000000 
0.000000 
0.000000 
0.000000 
0.000000 
0.000000 
0.000003 
0.000016 
0.000059 
0.000153 
0.000239 
0.000153 
0.000059 
0.000016 
0.000004 
0.000001 
0.000000 
0.000000 
0.000000 
0.000000 
0.000000 
0.000000 
0.000000 
0.000000 
0.000000 
0.000000 
0.000000 
0.000000 
0.000000 
0.000000 
0.000000 
0.000001 
0.000002 
0.000009 
0.000022 
0.000034 
0.000022 
0.000009 
0.000002 
0.000001 
0.000000 
0.000000 
0.000000 
0.000000 
0.000000 
0.000000 
0.000000 
0.000000 
0.000001 
0.000001 
0.000002 
0.000001 
0.000001 
0.000000 
0.000000 
0.000000 
0.000000 
0.000000 
0.000001 
0.000003 
0.000004 
0.000003 
0.000001 
0.000000 
0.000000 
0.000000 
0.000000 
0.000000 
0.000000 
0.000000 
0.000000 
0.000000 
0.000001 
0.000004 
0.000010 
0.000013 
0.000010 
0.000004 
0.000001 
0.000000 
0.000000 
0.000000 
0.000000 
0.000000 
0.000000 
0.000000 
0.000000 
0.000000 
0.000000 
0.000000 
0.000000 
0.000000 
0.000000 
0.000000 
0.000000 
0.000001 
0.000003 
0.000011 
0.000034 
0.000073 
0.000100 
0.000073 
0.000034 
0.000011 
0.000003 
0.000001 
0.000000 
0.000000 
0.000000 
0.000000 
0.000000 
0.000000 
0.000000 
0.000000 
0.000000 
0.000000 
0.000000 
0.000000 
0.000000 
0.000001 
0.000004 
0.000019 
0.000073 
0.000222 
0.000478 
0.000655 
0.000478 
0.000222 
0.000073 
0.000019 
0.000004 
0.000000 
0.000000 
0.000000 
0.000000 
0.000000 
0.000000 
0.000000 
0.000000 
0.000000 
0.000000 
0.000000 
0.000000 
0.000001 
0.000004 
0.000022 
0.000107 
0.000417 
0.001248 
0.002671 
0.003643 
0.002671 
0.001248 
0.000417 
0.000107 
0.000022 
0.000000 
0.000000 
0.000000 
0.000000 
0.000000 
0.000000 
0.000000 
0.000000 
0.000000 
0.000000 
0.000000 
0.000000 
0.000003 
0.000019 
0.000107 
0.000512 
0.001974 
0.005858 
0.012453 
0.016913 
0.012453 
0.005858 
0.001974 
0.000512 
0.000104 
0.000000 
0.000000 
0.000000 
0.000000 
0.000000 
0.000000 
0.000000 
0.000000 
0.000000 
0.000000 
0.000000 
0.000001 
0.000011 
0.000073 
0.000417 
0.001974 
0.007544 
0.022206 
0.046894 
0.063457 
0.046894 
0.022205 
0.007544 
0.001973 
0.000406 
0.000000 
0.000000 
0.000000 
0.000000 
0.000000 
0.000000 
0.000000 
0.000000 
0.000000 
0.000000 
0.000001 
0.000004 
0.000034 
0.000222 
0.001248 
0.005858 
0.022206 
0.064882 
0.136209 
0.183733 
0.136209 
0.064882 
0.022205 
0.005853 
0.001214 
0.000000 
0.000000 
0.000000 
0.000000 
0.000000 
0.000000 
0.000000 
0.000000 
0.000000 
0.000000 
0.000001 
0.000010 
0.000073 
0.000478 
0.002671 
0.012453 
0.046894 
0.136209 
0.284596 
0.382951 
0.284596 
0.136209 
0.046893 
0.012443 
0.002598 
0.000000 
0.000000 
0.000000 
0.000000 
0.000000 
0.000000 
0.000000 
0.000000 
0.000000 
0.000000 
0.000002 
0.000013 
0.000100 
0.000655 
0.003643 
0.016913 
0.063457 
0.183733 
0.382951 
0.514679 
0.382951 
0.183733 
0.063456 
0.016900 
0.003542 
0.000000 
0.000000 
0.000000 
0.000000 
0.000000 
0.000000 
0.000000 
0.000000 
0.000000 
0.000000 
0.000001 
0.000010 
0.000073 
0.000478 
0.002671 
0.012453 
0.046894 
0.136209 
0.284596 
0.382951 
0.284596 
0.136209 
0.046893 
0.012443 
0.002598 
0.000000 
0.000000 
0.000000 
0.000000 
0.000000 
0.000000 
0.000000 
0.000000 
0.000000 
0.000000 
0.000001 
0.000004 
0.000034 
0.000222 
0.001248 
0.005858 
0.022205 
0.064882 
0.136209 
0.183733 
0.136209 
0.064882 
0.022205 
0.005853 
0.001214 
0.000000 
0.000000 
0.000000 
0.000000 
0.000000 
0.000000 
0.000000 
0.000000 
0.000000 
0.000000 
0.000000 
0.000001 
0.000011 
0.000073 
0.000417 
0.001974 
0.007544 
0.022205 
0.046893 
0.063456 
0.046893 
0.022205 
0.007544 
0.001973 
0.000406 
0.000000 
0.000000 
0.000000 
0.000000 
0.000000 
0.000000 
0.000000 
0.000000 
0.000000 
0.000000 
0.000000 
0.000000 
0.000003 
0.000019 
0.000107 
0.000512 
0.001973 
0.005853 
0.012443 
0.016900 
0.012443 
0.005853 
0.001973 
0.000511 
0.000104 
0.000000 
0.000000 
0.000000 
0.000000 
0.000000 
0.000000 
0.000000 
0.000000 
0.000000 
0.000000 
0.000000 
0.000000 
0.000001 
0.000004 
0.000022 
0.000104 
0.000406 
0.001214 
0.002598 
0.003542 
0.002598 
0.001214 
0.000406 
0.000104 
0.000021 
