25.000000 25.000000 1.000000
0.000008 
0.000047 
0.000202 
0.000610 
0.001068 
0.000610 
0.000202 
0.000047 
0.000009 
0.000001 
0.000000 
0.000000 
0.000000 
0.000000 
0.000000 
0.000000 
0.000000 
0.000000 
0.000000 
0.000000 
0.000000 
0.000000 
0.000000 
0.000000 
0.000000 
0.000047 
0.000270 
0.001175 
0.003607 
0.006410 
0.003607 
0.001175 
0.000270 
0.000048 
0.000007 
0.000001 
0.000000 
0.000000 
0.000000 
0.000000 
0.000000 
0.000000 
0.000000 
0.000000 
0.000000 
0.000000 
0.000000 
0.000000 
0.000000 
0.000000 
0.000202 
0.001175 
0.005213 
0.016329 
0.029514 
0.016329 
0.005213 
0.001176 
0.000206 
0.000030 
0.000004 
0.000000 
0.000000 
0.000000 
0.000000 
0.000000 
0.000000 
0.000000 
0.000000 
0.000000 
0.000000 
0.000000 
0.000000 
0.000000 
0.000000 
0.000610 
0.003607 
0.016329 
0.052210 
0.095920 
0.052210 
0.016329 
0.003608 
0.000621 
0.000088 
0.000011 
0.000001 
0.000000 
0.000000 
0.000000 
0.000000 
0.000000 
0.000000 
0.000000 
0.000000 
0.000000 
0.000000 
0.000000 
0.000000 
0.000000 
0.001068 
0.006410 
0.029514 
0.095920 
0.178428 
0.095921 
0.029514 
0.006412 
0.001086 
0.000152 
0.000018 
0.000002 
0.000000 
0.000000 
0.000000 
0.000000 
0.000000 
0.000000 
0.000000 
0.000000 
0.000000 
0.000000 
0.000000 
0.000000 
0.000000 
0.000610 
0.003607 
0.016329 
0.052210 
0.095921 
0.052210 
0.016329 
0.003608 
0.000621 
0.000088 
0.000011 
0.000001 
0.000000 
0.000000 
0.000000 
0.000000 
0.000000 
0.000000 
0.000000 
0.000000 
0.000000 
0.000000 
0.000000 
0.000000 
0.000000 
0.000202 
0.001175 
0.005213 
0.016329 
0.029514 
0.016329 
0.005213 
0.001176 
0.000206 
0.000030 
0.000004 
0.000000 
0.000000 
0.000000 
0.000000 
0.000000 
0.000000 
0.000000 
0.000000 
0.000000 
0.000000 
0.000000 
0.000000 
0.000000 
0.000000 
0.000047 
0.000270 
0.001176 
0.003608 
0.006412 
0.003608 
0.001176 
0.000270 
0.000048 
0.000007 
0.000001 
0.000000 
0.000000 
0.000000 
0.000000 
0.000000 
0.000000 
0.000000 
0.000000 
0.000000 
0.000000 
0.000000 
0.000000 
0.000000 
0.000000 
0.000009 
0.000048 
0.000206 
0.000621 
0.001086 
0.000621 
0.000206 
0.000048 
0.000009 
0.000001 
0.000000 
0.000000 
0.000000 
0.000000 
0.000000 
0.000000 
0.000000 
0.000000 
0.000000 
0.000000 
0.000000 
0.000000 
0.000000 
0.000000 
0.000000 
0.000001 
0.000007 
0.000030 
0.000088 
0.000152 
0.000088 
0.000030 
0.000007 
0.000001 
0.000000 
0.000000 
0.000000 
0.000000 
0.000000 
0.000000 
0.000000 
0.000000 
0.000000 
0.000000 
0.000000 
0.000000 
0.000000 
0.000000 
0.000000 
0.000000 
0.000000 
0.000001 
0.000004 
0.000011 
0.000018 
0.000011 
0.000004 
0.000001 
0.000000 
0.000000 
0.000000 
0.000000 
0.000000 
0.000000 
0.000000 
0.000000 
0.000000 
0.000000 
0.000000 
0.000001 
0.000000 
0.000000 
0.000000 
0.000000 
0.000000 
0.000000 
0.000000 
0.000000 
0.000001 
0.000002 
0.000001 
0.000000 
0.000000 
0.000000 
0.000000 
0.000000 
0.000000 
0.000000 
0.000000 
0.000000 
0.000000 
0.000000 
0.000002 
0.000004 
0.000007 
0.000004 
0.000002 
0.000000 
0.000000 
0.000000 
0.000000 
0.000000 
0.000000 
0.000000 
0.000000 
0.000000 
0.000000 
0.000000 
0.000000 
0.000000 
0.000000 
0.000000 
0.000000 
0.000000 
0.000000 
0.000001 
0.000004 
0.000016 
0.000040 
0.000061 
0.000040 
0.000016 
0.000004 
0.000001 
0.000000 
0.000000 
0.000000 
0.000000 
0.000000 
0.000000 
0.000000 
0.000000 
0.000000 
0.000000 
0.000000 
0.000000 
0.000000 
0.000000 
0.000000 
0.000001 
0.000008 
0.000036 
0.000128 
0.000317 
0.000474 
0.000317 
0.000128 
0.000036 
0.000008 
0.000001 
0.000000 
0.000000 
0.000000 
0.000000 
0.000000 
0.000000 
0.000000 
0.000000 
0.000000 
0.000000 
0.000000 
0.000000 
0.000000 
0.000001 
0.000009 
0.000053 
0.000244 
0.000861 
0.002119 
0.003144 
0.002119 
0.000861 
0.000244 
0.000053 
0.000009 
0.000000 
0.000000 
0.000000 
0.000000 
0.000000 
0.000000 
0.000000 
0.000000 
0.000000 
0.000000 
0.000000 
0.000000 
0.000001 
0.000008 
0.000053 
0.000302 
0.001382 
0.004814 
0.011735 
0.017304 
0.011735 
0.004814 
0.001382 
0.000302 
0.000052 
0.000000 
0.000000 
0.000000 
0.000000 
0.000000 
0.000000 
0.000000 
0.000000 
0.000000 
0.000000 
0.000000 
0.000000 
0.000004 
0.000036 
0.000244 
0.001382 
0.006260 
0.021565 
0.052081 
0.076351 
0.052081 
0.021565 
0.006260 
0.001382 
0.000240 
0.000000 
0.000000 
0.000000 
0.000000 
0.000000 
0.000000 
0.000000 
0.000000 
0.000000 
0.000000 
0.000000 
0.000002 
0.000016 
0.000128 
0.000861 
0.004814 
0.021565 
0.073545 
0.176091 
0.256782 
0.176091 
0.073545 
0.021565 
0.004812 
0.000844 
0.000000 
0.000000 
0.000000 
0.000000 
0.000000 
0.000000 
0.000000 
0.000000 
0.000000 
0.000000 
0.000000 
0.000004 
0.000040 
0.000317 
0.002119 
0.011735 
0.052081 
0.176091 
0.418556 
0.607667 
0.418556 
0.176091 
0.052081 
0.011730 
0.002078 
0.000000 
0.000000 
0.000000 
0.000000 
0.000000 
0.000000 
0.000000 
0.000000 
0.000000 
0.000000 
0.000001 
0.000007 
0.000061 
0.000474 
0.003144 
0.017304 
0.076351 
0.256782 
0.607667 
0.879949 
0.607667 
0.256782 
0.076350 
0.017297 
0.003083 
0.000000 
0.000000 
0.000000 
0.000000 
0.000000 
0.000000 
0.000000 
0.000000 
0.000000 
0.000000 
0.000000 
0.000004 
0.000040 
0.000317 
0.002119 
0.011735 
0.052081 
0.176091 
0.418556 
0.607667 
0.418556 
0.176091 
0.052081 
0.011730 
0.002078 
0.000000 
0.000000 
0.000000 
0.000000 
0.000000 
0.000000 
0.000000 
0.000000 
0.000000 
0.000000 
0.000000 
0.000002 
0.000016 
0.000128 
0.000861 
0.004814 
0.021565 
0.073545 
0.176091 
0.256782 
0.176091 
0.073545 
0.021565 
0.004812 
0.000844 
0.000000 
0.000000 
0.000000 
0.000000 
0.000000 
0.000000 
0.000000 
0.000000 
0.000000 
0.000000 
0.000000 
0.000000 
0.000004 
0.000036 
0.000244 
0.001382 
0.006260 
0.021565 
0.052081 
0.076350 
0.052081 
0.021565 
0.006260 
0.001382 
0.000240 
0.000000 
0.000000 
0.000000 
0.000000 
0.000000 
0.000000 
0.000000 
0.000000 
0.000000 
0.000000 
0.000000 
0.000000 
0.000001 
0.000008 
0.000053 
0.000302 
0.001382 
0.004812 
0.011730 
0.017297 
0.011730 
0.004812 
0.001382 
0.000301 
0.000052 
0.000000 
0.000000 
0.000000 
0.000000 
0.000000 
0.000000 
0.000000 
0.000000 
0.000000 
0.000000 
0.000000 
0.000000 
0.000000 
0.000001 
0.000009 
0.000052 
0.000240 
0.000844 
0.002078 
0.003083 
0.002078 
0.000844 
0.000240 
0.000052 
0.000009 
