25.000000 25.000000 1.000000
0.000002 
0.000014 
0.000076 
0.000290 
0.000607 
0.000290 
0.000076 
0.000014 
0.000002 
0.000000 
0.000000 
0.000000 
0.000000 
0.000000 
0.000000 
0.000000 
0.000000 
0.000000 
0.000000 
0.000000 
0.000000 
0.000000 
0.000000 
0.000000 
0.000000 
0.000014 
0.000102 
0.000566 
0.002175 
0.004622 
0.002175 
0.000566 
0.000102 
0.000014 
0.000002 
0.000000 
0.000000 
0.000000 
0.000000 
0.000000 
0.000000 
0.000000 
0.000000 
0.000000 
0.000000 
0.000000 
0.000000 
0.000000 
0.000000 
0.000000 
0.000076 
0.000566 
0.003188 
0.012462 
0.026922 
0.012462 
0.003188 
0.000566 
0.000077 
0.000009 
0.000001 
0.000000 
0.000000 
0.000000 
0.000000 
0.000000 
0.000000 
0.000000 
0.000000 
0.000000 
0.000000 
0.000000 
0.000000 
0.000000 
0.000000 
0.000290 
0.002175 
0.012462 
0.049644 
0.109114 
0.049644 
0.012462 
0.002176 
0.000293 
0.000032 
0.000003 
0.000000 
0.000000 
0.000000 
0.000000 
0.000000 
0.000000 
0.000000 
0.000000 
0.000000 
0.000000 
0.000000 
0.000000 
0.000000 
0.000000 
0.000607 
0.004622 
0.026922 
0.109114 
0.243405 
0.109114 
0.026922 
0.004622 
0.000613 
0.000066 
0.000006 
0.000000 
0.000000 
0.000000 
0.000000 
0.000000 
0.000000 
0.000000 
0.000000 
0.000000 
0.000000 
0.000000 
0.000000 
0.000000 
0.000000 
0.000290 
0.002175 
0.012462 
0.049644 
0.109114 
0.049644 
0.012462 
0.002176 
0.000293 
0.000032 
0.000003 
0.000000 
0.000000 
0.000000 
0.000000 
0.000000 
0.000000 
0.000000 
0.000000 
0.000000 
0.000000 
0.000000 
0.000000 
0.000000 
0.000000 
0.000076 
0.000566 
0.003188 
0.012462 
0.026922 
0.012462 
0.003188 
0.000566 
0.000077 
0.000009 
0.000001 
0.000000 
0.000000 
0.000000 
0.000000 
0.000000 
0.000000 
0.000000 
0.000000 
0.000000 
0.000000 
0.000000 
0.000000 
0.000000 
0.000000 
0.000014 
0.000102 
0.000566 
0.002176 
0.004622 
0.002176 
0.000566 
0.000102 
0.000014 
0.000002 
0.000000 
0.000000 
0.000000 
0.000000 
0.000000 
0.000000 
0.000000 
0.000000 
0.000000 
0.000000 
0.000000 
0.000000 
0.000000 
0.000000 
0.000000 
0.000002 
0.000014 
0.000077 
0.000293 
0.000613 
0.000293 
0.000077 
0.000014 
0.000002 
0.000000 
0.000000 
0.000000 
0.000000 
0.000000 
0.000000 
0.000000 
0.000000 
0.000000 
0.000000 
0.000000 
0.000000 
0.000000 
0.000000 
0.000000 
0.000000 
0.000000 
0.000002 
0.000009 
0.000032 
0.000066 
0.000032 
0.000009 
0.000002 
0.000000 
0.000000 
0.000000 
0.000000 
0.000000 
0.000000 
0.000000 
0.000000 
0.000000 
0.000000 
0.000000 
0.000000 
0.000000 
0.000000 
0.000000 
0.000000 
0.000000 
0.000000 
0.000000 
0.000001 
0.000003 
0.000006 
0.000003 
0.000001 
0.000000 
0.000000 
0.000000 
0.000000 
0.000000 
0.000000 
0.000000 
0.000000 
0.000000 
0.000000 
0.000000 
0.000000 
0.000000 
0.000000 
0.000000 
0.000000 
0.000000 
0.000000 
0.000000 
0.000000 
0.000000 
0.000000 
0.000000 
0.000000 
0.000000 
0.000000 
0.000000 
0.000000 
0.000000 
0.000000 
0.000000 
0.000000 
0.000000 
0.000000 
0.000000 
0.000000 
0.000001 
0.000002 
0.000001 
0.000000 
0.000000 
0.000000 
0.000000 
0.000000 
0.000000 
0.000000 
0.000000 
0.000000 
0.000000 
0.000000 
0.000000 
0.000000 
0.000000 
0.000000 
0.000000 
0.000000 
0.000000 
0.000000 
0.000000 
0.000001 
0.000004 
0.000013 
0.000024 
0.000013 
0.000004 
0.000001 
0.000000 
0.000000 
0.000000 
0.000000 
0.000000 
0.000000 
0.000000 
0.000000 
0.000000 
0.000000 
0.000000 
0.000000 
0.000000 
0.000000 
0.000000 
0.000000 
0.000000 
0.000001 
0.000009 
0.000044 
0.000138 
0.000243 
0.000138 
0.000044 
0.000009 
0.000001 
0.000000 
0.000000 
0.000000 
0.000000 
0.000000 
0.000000 
0.000000 
0.000000 
0.000000 
0.000000 
0.000000 
0.000000 
0.000000 
0.000000 
0.000000 
0.000002 
0.000014 
0.000085 
0.000389 
0.001212 
0.002117 
0.001212 
0.000389 
0.000085 
0.000014 
0.000002 
0.000000 
0.000000 
0.000000 
0.000000 
0.000000 
0.000000 
0.000000 
0.000000 
0.000000 
0.000000 
0.000000 
0.000000 
0.000000 
0.000001 
0.000014 
0.000105 
0.000635 
0.002861 
0.008775 
0.015157 
0.008775 
0.002861 
0.000635 
0.000105 
0.000014 
0.000000 
0.000000 
0.000000 
0.000000 
0.000000 
0.000000 
0.000000 
0.000000 
0.000000 
0.000000 
0.000000 
0.000000 
0.000001 
0.000009 
0.000085 
0.000635 
0.003759 
0.016670 
0.050398 
0.086136 
0.050398 
0.016670 
0.003759 
0.000635 
0.000084 
0.000000 
0.000000 
0.000000 
0.000000 
0.000000 
0.000000 
0.000000 
0.000000 
0.000000 
0.000000 
0.000000 
0.000000 
0.000004 
0.000044 
0.000389 
0.002861 
0.016670 
0.072820 
0.217174 
0.367544 
0.217174 
0.072820 
0.016670 
0.002861 
0.000385 
0.000000 
0.000000 
0.000000 
0.000000 
0.000000 
0.000000 
0.000000 
0.000000 
0.000000 
0.000000 
0.000000 
0.000001 
0.000013 
0.000138 
0.001212 
0.008775 
0.050398 
0.217174 
0.639847 
1.073509 
0.639847 
0.217174 
0.050398 
0.008774 
0.001199 
0.000000 
0.000000 
0.000000 
0.000000 
0.000000 
0.000000 
0.000000 
0.000000 
0.000000 
0.000000 
0.000000 
0.000002 
0.000024 
0.000243 
0.002117 
0.015157 
0.086136 
0.367544 
1.073509 
1.790188 
1.073509 
0.367544 
0.086136 
0.015156 
0.002093 
0.000000 
0.000000 
0.000000 
0.000000 
0.000000 
0.000000 
0.000000 
0.000000 
0.000000 
0.000000 
0.000000 
0.000001 
0.000013 
0.000138 
0.001212 
0.008775 
0.050398 
0.217174 
0.639847 
1.073509 
0.639847 
0.217174 
0.050398 
0.008774 
0.001199 
0.000000 
0.000000 
0.000000 
0.000000 
0.000000 
0.000000 
0.000000 
0.000000 
0.000000 
0.000000 
0.000000 
0.000000 
0.000004 
0.000044 
0.000389 
0.002861 
0.016670 
0.072820 
0.217174 
0.367544 
0.217174 
0.072820 
0.016670 
0.002861 
0.000385 
0.000000 
0.000000 
0.000000 
0.000000 
0.000000 
0.000000 
0.000000 
0.000000 
0.000000 
0.000000 
0.000000 
0.000000 
0.000001 
0.000009 
0.000085 
0.000635 
0.003759 
0.016670 
0.050398 
0.086136 
0.050398 
0.016670 
0.003759 
0.000635 
0.000084 
0.000000 
0.000000 
0.000000 
0.000000 
0.000000 
0.000000 
0.000000 
0.000000 
0.000000 
0.000000 
0.000000 
0.000000 
0.000000 
0.000001 
0.000014 
0.000105 
0.000635 
0.002861 
0.008774 
0.015156 
0.008774 
0.002861 
0.000635 
0.000105 
0.000014 
0.000000 
0.000000 
0.000000 
0.000000 
0.000000 
0.000000 
0.000000 
0.000000 
0.000000 
0.000000 
0.000000 
0.000000 
0.000000 
0.000000 
0.000002 
0.000014 
0.000084 
0.000385 
0.001199 
0.002093 
0.001199 
0.000385 
0.000084 
0.000014 
0.000002 
