25.000000 25.000000 1.000000
0.000018 
0.000152 
0.000966 
0.004129 
0.009380 
0.004129 
0.000966 
0.000152 
0.000018 
0.000002 
0.000000 
0.000000 
0.000000 
0.000000 
0.000000 
0.000000 
0.000000 
0.000000 
0.000000 
0.000000 
0.000000 
0.000000 
0.000000 
0.000000 
0.000000 
0.000152 
0.001288 
0.008108 
0.034320 
0.077269 
0.034320 
0.008108 
0.001288 
0.000153 
0.000014 
0.000001 
0.000000 
0.000000 
0.000000 
0.000000 
0.000000 
0.000000 
0.000000 
0.000000 
0.000000 
0.000000 
0.000000 
0.000000 
0.000000 
0.000000 
0.000966 
0.008108 
0.050524 
0.211657 
0.472270 
0.211657 
0.050524 
0.008109 
0.000973 
0.000093 
0.000007 
0.000000 
0.000000 
0.000000 
0.000000 
0.000000 
0.000000 
0.000000 
0.000000 
0.000000 
0.000000 
0.000000 
0.000000 
0.000000 
0.000000 
0.004129 
0.034320 
0.211657 
0.877813 
1.941858 
0.877813 
0.211657 
0.034322 
0.004161 
0.000401 
0.000032 
0.000002 
0.000000 
0.000000 
0.000000 
0.000000 
0.000000 
0.000000 
0.000000 
0.000000 
0.000000 
0.000000 
0.000000 
0.000000 
0.000000 
0.009380 
0.077269 
0.472270 
1.941858 
4.264438 
1.941858 
0.472270 
0.077274 
0.009453 
0.000919 
0.000074 
0.000005 
0.000000 
0.000000 
0.000000 
0.000000 
0.000000 
0.000000 
0.000000 
0.000000 
0.000000 
0.000000 
0.000000 
0.000000 
0.000000 
0.004129 
0.034320 
0.211657 
0.877813 
1.941858 
0.877813 
0.211657 
0.034322 
0.004161 
0.000401 
0.000032 
0.000002 
0.000000 
0.000000 
0.000000 
0.000000 
0.000000 
0.000000 
0.000000 
0.000000 
0.000000 
0.000000 
0.000000 
0.000000 
0.000000 
0.000966 
0.008108 
0.050524 
0.211657 
0.472270 
0.211657 
0.050524 
0.008109 
0.000973 
0.000093 
0.000007 
0.000000 
0.000000 
0.000000 
0.000000 
0.000000 
0.000000 
0.000000 
0.000000 
0.000000 
0.000000 
0.000000 
0.000000 
0.000000 
0.000000 
0.000152 
0.001288 
0.008109 
0.034322 
0.077274 
0.034322 
0.008109 
0.001288 
0.000153 
0.000014 
0.000001 
0.000000 
0.000000 
0.000000 
0.000000 
0.000000 
0.000000 
0.000000 
0.000000 
0.000000 
0.000000 
0.000000 
0.000000 
0.000000 
0.000000 
0.000018 
0.000153 
0.000973 
0.004161 
0.009453 
0.004161 
0.000973 
0.000153 
0.000018 
0.000002 
0.000000 
0.000000 
0.000000 
0.000000 
0.000000 
0.000000 
0.000000 
0.000000 
0.000000 
0.000000 
0.000000 
0.000000 
0.000000 
0.000000 
0.000000 
0.000002 
0.000014 
0.000093 
0.000401 
0.000919 
0.000401 
0.000093 
0.000014 
0.000002 
0.000000 
0.000000 
0.000000 
0.000000 
0.000000 
0.000000 
0.000000 
0.000000 
0.000000 
0.000000 
0.000000 
0.000000 
0.000000 
0.000000 
0.000000 
0.000000 
0.000000 
0.000001 
0.000007 
0.000032 
0.000074 
0.000032 
0.000007 
0.000001 
0.000000 
0.000000 
0.000000 
0.000000 
0.000000 
0.000000 
0.000000 
0.000000 
0.000000 
0.000000 
0.000000 
0.000000 
0.000000 
0.000000 
0.000000 
0.000000 
0.000000 
0.000000 
0.000000 
0.000000 
0.000002 
0.000005 
0.000002 
0.000000 
0.000000 
0.000000 
0.000000 
0.000000 
0.000000 
0.000000 
0.000000 
0.000000 
0.000000 
0.000000 
0.000000 
0.000000 
0.000000 
0.000000 
0.000000 
0.000000 
0.000000 
0.000000 
0.000000 
0.000000 
0.000000 
0.000000 
0.000000 
0.000000 
0.000000 
0.000000 
0.000000 
0.000000 
0.000000 
0.000000 
0.000000 
0.000000 
0.000000 
0.000000 
0.000000 
0.000001 
0.000003 
0.000005 
0.000003 
0.000001 
0.000000 
0.000000 
0.000000 
0.000000 
0.000000 
0.000000 
0.000000 
0.000000 
0.000000 
0.000000 
0.000000 
0.000000 
0.000000 
0.000000 
0.000000 
0.000000 
0.000000 
0.000000 
0.000000 
0.000003 
0.000010 
0.000028 
0.000046 
0.000028 
0.000010 
0.000003 
0.000000 
0.000000 
0.000000 
0.000000 
0.000000 
0.000000 
0.000000 
0.000000 
0.000000 
0.000000 
0.000000 
0.000000 
0.000000 
0.000000 
0.000000 
0.000000 
0.000001 
0.000004 
0.000019 
0.000077 
0.000217 
0.000360 
0.000217 
0.000077 
0.000019 
0.000004 
0.000001 
0.000000 
0.000000 
0.000000 
0.000000 
0.000000 
0.000000 
0.000000 
0.000000 
0.000000 
0.000000 
0.000000 
0.000000 
0.000000 
0.000000 
0.000004 
0.000024 
0.000124 
0.000503 
0.001442 
0.002430 
0.001442 
0.000503 
0.000124 
0.000024 
0.000004 
0.000000 
0.000000 
0.000000 
0.000000 
0.000000 
0.000000 
0.000000 
0.000000 
0.000000 
0.000000 
0.000000 
0.000000 
0.000000 
0.000003 
0.000019 
0.000124 
0.000659 
0.002713 
0.007924 
0.013565 
0.007924 
0.002713 
0.000659 
0.000124 
0.000019 
0.000000 
0.000000 
0.000000 
0.000000 
0.000000 
0.000000 
0.000000 
0.000000 
0.000000 
0.000000 
0.000000 
0.000000 
0.000001 
0.000010 
0.000077 
0.000503 
0.002713 
0.011402 
0.033999 
0.059178 
0.033999 
0.011402 
0.002713 
0.000503 
0.000076 
0.000000 
0.000000 
0.000000 
0.000000 
0.000000 
0.000000 
0.000000 
0.000000 
0.000000 
0.000000 
0.000000 
0.000000 
0.000003 
0.000028 
0.000217 
0.001442 
0.007924 
0.033999 
0.103476 
0.182966 
0.103476 
0.033999 
0.007924 
0.001442 
0.000213 
0.000000 
0.000000 
0.000000 
0.000000 
0.000000 
0.000000 
0.000000 
0.000000 
0.000000 
0.000000 
0.000000 
0.000000 
0.000005 
0.000046 
0.000360 
0.002430 
0.013565 
0.059178 
0.182966 
0.327294 
0.182966 
0.059178 
0.013565 
0.002430 
0.000355 
0.000000 
0.000000 
0.000000 
0.000000 
0.000000 
0.000000 
0.000000 
0.000000 
0.000000 
0.000000 
0.000000 
0.000000 
0.000003 
0.000028 
0.000217 
0.001442 
0.007924 
0.033999 
0.103476 
0.182966 
0.103476 
0.033999 
0.007924 
0.001442 
0.000213 
0.000000 
0.000000 
0.000000 
0.000000 
0.000000 
0.000000 
0.000000 
0.000000 
0.000000 
0.000000 
0.000000 
0.000000 
0.000001 
0.000010 
0.000077 
0.000503 
0.002713 
0.011402 
0.033999 
0.059178 
0.033999 
0.011402 
0.002713 
0.000503 
0.000076 
0.000000 
0.000000 
0.000000 
0.000000 
0.000000 
0.000000 
0.000000 
0.000000 
0.000000 
0.000000 
0.000000 
0.000000 
0.000000 
0.000003 
0.000019 
0.000124 
0.000659 
0.002713 
0.007924 
0.013565 
0.007924 
0.002713 
0.000659 
0.000124 
0.000019 
0.000000 
0.000000 
0.000000 
0.000000 
0.000000 
0.000000 
0.000000 
0.000000 
0.000000 
0.000000 
0.000000 
0.000000 
0.000000 
0.000000 
0.000004 
0.000024 
0.000124 
0.000503 
0.001442 
0.002430 
0.001442 
0.000503 
0.000124 
0.000024 
0.000004 
0.000000 
0.000000 
0.000000 
0.000000 
0.000000 
0.000000 
0.000000 
0.000000 
0.000000 
0.000000 
0.000000 
0.000000 
0.000000 
0.000000 
0.000001 
0.000004 
0.000019 
0.000076 
0.000213 
0.000355 
0.000213 
0.000076 
0.000019 
0.000004 
0.000001 
