25.000000 25.000000 1.000000
0.000007 
0.000040 
0.000177 
0.000553 
0.000991 
0.000553 
0.000177 
0.000040 
0.000007 
0.000001 
0.000000 
0.000000 
0.000000 
0.000000 
0.000000 
0.000000 
0.000000 
0.000000 
0.000000 
0.000000 
0.000000 
0.000000 
0.000000 
0.000000 
0.000000 
0.000040 
0.000237 
0.001067 
0.003382 
0.006160 
0.003382 
0.001067 
0.000237 
0.000041 
0.000006 
0.000001 
0.000000 
0.000000 
0.000000 
0.000000 
0.000000 
0.000000 
0.000000 
0.000000 
0.000000 
0.000000 
0.000000 
0.000000 
0.000000 
0.000000 
0.000177 
0.001067 
0.004900 
0.015844 
0.029352 
0.015844 
0.004900 
0.001067 
0.000180 
0.000025 
0.000003 
0.000000 
0.000000 
0.000000 
0.000000 
0.000000 
0.000000 
0.000000 
0.000000 
0.000000 
0.000000 
0.000000 
0.000000 
0.000000 
0.000000 
0.000553 
0.003382 
0.015844 
0.052287 
0.098495 
0.052287 
0.015844 
0.003383 
0.000562 
0.000077 
0.000009 
0.000001 
0.000000 
0.000000 
0.000000 
0.000000 
0.000000 
0.000000 
0.000000 
0.000000 
0.000000 
0.000000 
0.000000 
0.000000 
0.000000 
0.000991 
0.006160 
0.029352 
0.098495 
0.187948 
0.098495 
0.029352 
0.006161 
0.001007 
0.000136 
0.000016 
0.000002 
0.000000 
0.000000 
0.000000 
0.000000 
0.000000 
0.000000 
0.000000 
0.000000 
0.000000 
0.000000 
0.000000 
0.000000 
0.000000 
0.000553 
0.003382 
0.015844 
0.052287 
0.098495 
0.052287 
0.015844 
0.003383 
0.000562 
0.000077 
0.000009 
0.000001 
0.000000 
0.000000 
0.000000 
0.000000 
0.000000 
0.000000 
0.000000 
0.000000 
0.000000 
0.000000 
0.000000 
0.000000 
0.000000 
0.000177 
0.001067 
0.004900 
0.015844 
0.029352 
0.015844 
0.004900 
0.001067 
0.000180 
0.000025 
0.000003 
0.000000 
0.000000 
0.000000 
0.000000 
0.000000 
0.000000 
0.000000 
0.000000 
0.000000 
0.000000 
0.000000 
0.000000 
0.000000 
0.000000 
0.000040 
0.000237 
0.001067 
0.003383 
0.006161 
0.003383 
0.001067 
0.000237 
0.000041 
0.000006 
0.000001 
0.000000 
0.000000 
0.000000 
0.000000 
0.000000 
0.000000 
0.000000 
0.000000 
0.000000 
0.000000 
0.000000 
0.000000 
0.000000 
0.000000 
0.000007 
0.000041 
0.000180 
0.000562 
0.001007 
0.000562 
0.000180 
0.000041 
0.000007 
0.000001 
0.000000 
0.000000 
0.000000 
0.000000 
0.000000 
0.000000 
0.000000 
0.000000 
0.000000 
0.000000 
0.000000 
0.000000 
0.000000 
0.000000 
0.000000 
0.000001 
0.000006 
0.000025 
0.000077 
0.000136 
0.000077 
0.000025 
0.000006 
0.000001 
0.000000 
0.000000 
0.000000 
0.000000 
0.000000 
0.000000 
0.000000 
0.000000 
0.000000 
0.000000 
0.000000 
0.000000 
0.000000 
0.000000 
0.000000 
0.000000 
0.000000 
0.000001 
0.000003 
0.000009 
0.000016 
0.000009 
0.000003 
0.000001 
0.000000 
0.000000 
0.000000 
0.000000 
0.000000 
0.000000 
0.000000 
0.000000 
0.000000 
0.000000 
0.000000 
0.000001 
0.000000 
0.000000 
0.000000 
0.000000 
0.000000 
0.000000 
0.000000 
0.000000 
0.000001 
0.000002 
0.000001 
0.000000 
0.000000 
0.000000 
0.000000 
0.000000 
0.000000 
0.000000 
0.000000 
0.000000 
0.000000 
0.000000 
0.000001 
0.000004 
0.000006 
0.000004 
0.000001 
0.000000 
0.000000 
0.000000 
0.000000 
0.000000 
0.000000 
0.000000 
0.000000 
0.000000 
0.000000 
0.000000 
0.000000 
0.000000 
0.000000 
0.000000 
0.000000 
0.000000 
0.000000 
0.000001 
0.000004 
0.000013 
0.000035 
0.000054 
0.000035 
0.000013 
0.000004 
0.000001 
0.000000 
0.000000 
0.000000 
0.000000 
0.000000 
0.000000 
0.000000 
0.000000 
0.000000 
0.000000 
0.000000 
0.000000 
0.000000 
0.000000 
0.000000 
0.000001 
0.000006 
0.000030 
0.000111 
0.000285 
0.000435 
0.000285 
0.000111 
0.000030 
0.000006 
0.000001 
0.000000 
0.000000 
0.000000 
0.000000 
0.000000 
0.000000 
0.000000 
0.000000 
0.000000 
0.000000 
0.000000 
0.000000 
0.000000 
0.000001 
0.000007 
0.000044 
0.000213 
0.000778 
0.001980 
0.003002 
0.001980 
0.000778 
0.000213 
0.000044 
0.000007 
0.000000 
0.000000 
0.000000 
0.000000 
0.000000 
0.000000 
0.000000 
0.000000 
0.000000 
0.000000 
0.000000 
0.000000 
0.000001 
0.000006 
0.000044 
0.000263 
0.001253 
0.004528 
0.011404 
0.017172 
0.011404 
0.004528 
0.001253 
0.000263 
0.000043 
0.000000 
0.000000 
0.000000 
0.000000 
0.000000 
0.000000 
0.000000 
0.000000 
0.000000 
0.000000 
0.000000 
0.000000 
0.000004 
0.000030 
0.000213 
0.001253 
0.005900 
0.021079 
0.052553 
0.078625 
0.052553 
0.021079 
0.005900 
0.001253 
0.000209 
0.000000 
0.000000 
0.000000 
0.000000 
0.000000 
0.000000 
0.000000 
0.000000 
0.000000 
0.000000 
0.000000 
0.000001 
0.000013 
0.000111 
0.000778 
0.004528 
0.021079 
0.074508 
0.184041 
0.273731 
0.184041 
0.074508 
0.021079 
0.004527 
0.000764 
0.000000 
0.000000 
0.000000 
0.000000 
0.000000 
0.000000 
0.000000 
0.000000 
0.000000 
0.000000 
0.000000 
0.000004 
0.000035 
0.000285 
0.001980 
0.011404 
0.052553 
0.184041 
0.450998 
0.667480 
0.450998 
0.184041 
0.052553 
0.011400 
0.001945 
0.000000 
0.000000 
0.000000 
0.000000 
0.000000 
0.000000 
0.000000 
0.000000 
0.000000 
0.000000 
0.000001 
0.000006 
0.000054 
0.000435 
0.003002 
0.017172 
0.078625 
0.273731 
0.667480 
0.984931 
0.667480 
0.273731 
0.078625 
0.017166 
0.002948 
0.000000 
0.000000 
0.000000 
0.000000 
0.000000 
0.000000 
0.000000 
0.000000 
0.000000 
0.000000 
0.000000 
0.000004 
0.000035 
0.000285 
0.001980 
0.011404 
0.052553 
0.184041 
0.450998 
0.667480 
0.450998 
0.184041 
0.052553 
0.011400 
0.001945 
0.000000 
0.000000 
0.000000 
0.000000 
0.000000 
0.000000 
0.000000 
0.000000 
0.000000 
0.000000 
0.000000 
0.000001 
0.000013 
0.000111 
0.000778 
0.004528 
0.021079 
0.074508 
0.184041 
0.273731 
0.184041 
0.074508 
0.021079 
0.004527 
0.000764 
0.000000 
0.000000 
0.000000 
0.000000 
0.000000 
0.000000 
0.000000 
0.000000 
0.000000 
0.000000 
0.000000 
0.000000 
0.000004 
0.000030 
0.000213 
0.001253 
0.005900 
0.021079 
0.052553 
0.078625 
0.052553 
0.021079 
0.005900 
0.001253 
0.000209 
0.000000 
0.000000 
0.000000 
0.000000 
0.000000 
0.000000 
0.000000 
0.000000 
0.000000 
0.000000 
0.000000 
0.000000 
0.000001 
0.000006 
0.000044 
0.000263 
0.001253 
0.004527 
0.011400 
0.017166 
0.011400 
0.004527 
0.001253 
0.000263 
0.000043 
0.000000 
0.000000 
0.000000 
0.000000 
0.000000 
0.000000 
0.000000 
0.000000 
0.000000 
0.000000 
0.000000 
0.000000 
0.000000 
0.000001 
0.000007 
0.000043 
0.000209 
0.000764 
0.001945 
0.002948 
0.001945 
0.000764 
0.000209 
0.000043 
0.000007 
