25.000000 25.000000 1.000000
0.000026 
0.000119 
0.000412 
0.001025 
0.001565 
0.001025 
0.000412 
0.000119 
0.000027 
0.000005 
0.000001 
0.000000 
0.000000 
0.000000 
0.000000 
0.000000 
0.000000 
0.000000 
0.000000 
0.000000 
0.000000 
0.000000 
0.000000 
0.000000 
0.000000 
0.000119 
0.000549 
0.001937 
0.004917 
0.007613 
0.004917 
0.001937 
0.000550 
0.000122 
0.000023 
0.000004 
0.000000 
0.000000 
0.000000 
0.000000 
0.000000 
0.000000 
0.000000 
0.000000 
0.000000 
0.000000 
0.000000 
0.000000 
0.000000 
0.000000 
0.000412 
0.001937 
0.006980 
0.018095 
0.028434 
0.018095 
0.006980 
0.001938 
0.000423 
0.000077 
0.000012 
0.000002 
0.000000 
0.000000 
0.000000 
0.000000 
0.000000 
0.000000 
0.000000 
0.000000 
0.000000 
0.000000 
0.000000 
0.000000 
0.000000 
0.001025 
0.004917 
0.018095 
0.047830 
0.076167 
0.047830 
0.018095 
0.004921 
0.001053 
0.000187 
0.000029 
0.000004 
0.000000 
0.000000 
0.000000 
0.000000 
0.000000 
0.000000 
0.000000 
0.000000 
0.000000 
0.000000 
0.000000 
0.000000 
0.000000 
0.001565 
0.007613 
0.028434 
0.076167 
0.122373 
0.076167 
0.028435 
0.007619 
0.001607 
0.000282 
0.000042 
0.000006 
0.000001 
0.000000 
0.000000 
0.000000 
0.000000 
0.000000 
0.000000 
0.000000 
0.000000 
0.000000 
0.000000 
0.000000 
0.000000 
0.001025 
0.004917 
0.018095 
0.047830 
0.076167 
0.047830 
0.018095 
0.004921 
0.001053 
0.000187 
0.000029 
0.000004 
0.000000 
0.000000 
0.000000 
0.000000 
0.000000 
0.000000 
0.000000 
0.000000 
0.000000 
0.000000 
0.000000 
0.000000 
0.000000 
0.000412 
0.001937 
0.006980 
0.018095 
0.028435 
0.018095 
0.006980 
0.001938 
0.000423 
0.000077 
0.000012 
0.000002 
0.000000 
0.000000 
0.000000 
0.000000 
0.000000 
0.000000 
0.000000 
0.000000 
0.000000 
0.000000 
0.000000 
0.000000 
0.000000 
0.000119 
0.000550 
0.001938 
0.004921 
0.007619 
0.004921 
0.001938 
0.000550 
0.000123 
0.000023 
0.000004 
0.000000 
0.000000 
0.000000 
0.000000 
0.000000 
0.000000 
0.000000 
0.000000 
0.000000 
0.000000 
0.000000 
0.000000 
0.000000 
0.000000 
0.000027 
0.000122 
0.000423 
0.001053 
0.001607 
0.001053 
0.000423 
0.000123 
0.000028 
0.000005 
0.000001 
0.000000 
0.000000 
0.000000 
0.000000 
0.000000 
0.000000 
0.000000 
0.000000 
0.000000 
0.000000 
0.000000 
0.000000 
0.000000 
0.000000 
0.000005 
0.000023 
0.000077 
0.000187 
0.000282 
0.000187 
0.000077 
0.000023 
0.000005 
0.000001 
0.000000 
0.000000 
0.000000 
0.000000 
0.000000 
0.000000 
0.000000 
0.000000 
0.000000 
0.000000 
0.000000 
0.000000 
0.000000 
0.000000 
0.000000 
0.000001 
0.000004 
0.000012 
0.000029 
0.000042 
0.000029 
0.000012 
0.000004 
0.000001 
0.000000 
0.000000 
0.000000 
0.000000 
0.000000 
0.000000 
0.000000 
0.000000 
0.000001 
0.000002 
0.000002 
0.000002 
0.000001 
0.000000 
0.000000 
0.000000 
0.000000 
0.000000 
0.000002 
0.000004 
0.000006 
0.000004 
0.000002 
0.000000 
0.000000 
0.000000 
0.000000 
0.000000 
0.000000 
0.000000 
0.000000 
0.000001 
0.000002 
0.000006 
0.000013 
0.000017 
0.000013 
0.000006 
0.000002 
0.000001 
0.000000 
0.000000 
0.000000 
0.000000 
0.000000 
0.000001 
0.000000 
0.000000 
0.000000 
0.000000 
0.000000 
0.000000 
0.000000 
0.000000 
0.000000 
0.000001 
0.000004 
0.000015 
0.000044 
0.000090 
0.000120 
0.000090 
0.000044 
0.000015 
0.000004 
0.000001 
0.000000 
0.000000 
0.000000 
0.000000 
0.000000 
0.000000 
0.000000 
0.000000 
0.000000 
0.000000 
0.000000 
0.000000 
0.000000 
0.000001 
0.000006 
0.000026 
0.000094 
0.000267 
0.000545 
0.000724 
0.000545 
0.000267 
0.000094 
0.000026 
0.000006 
0.000000 
0.000000 
0.000000 
0.000000 
0.000000 
0.000000 
0.000000 
0.000000 
0.000000 
0.000000 
0.000000 
0.000000 
0.000001 
0.000006 
0.000031 
0.000137 
0.000497 
0.001396 
0.002835 
0.003753 
0.002835 
0.001396 
0.000497 
0.000137 
0.000030 
0.000000 
0.000000 
0.000000 
0.000000 
0.000000 
0.000000 
0.000000 
0.000000 
0.000000 
0.000000 
0.000000 
0.000001 
0.000004 
0.000026 
0.000137 
0.000609 
0.002193 
0.006111 
0.012332 
0.016275 
0.012332 
0.006111 
0.002193 
0.000608 
0.000133 
0.000000 
0.000000 
0.000000 
0.000000 
0.000000 
0.000000 
0.000000 
0.000000 
0.000000 
0.000000 
0.000000 
0.000002 
0.000015 
0.000094 
0.000497 
0.002193 
0.007833 
0.021674 
0.043493 
0.057233 
0.043493 
0.021674 
0.007832 
0.002190 
0.000482 
0.000000 
0.000000 
0.000000 
0.000000 
0.000000 
0.000000 
0.000000 
0.000000 
0.000000 
0.000000 
0.000001 
0.000006 
0.000044 
0.000267 
0.001396 
0.006111 
0.021674 
0.059601 
0.119007 
0.156213 
0.119007 
0.059601 
0.021673 
0.006104 
0.001352 
0.000000 
0.000000 
0.000000 
0.000000 
0.000000 
0.000000 
0.000000 
0.000000 
0.000000 
0.000000 
0.000002 
0.000013 
0.000090 
0.000545 
0.002835 
0.012332 
0.043493 
0.119007 
0.236716 
0.310151 
0.236716 
0.119007 
0.043491 
0.012319 
0.002745 
0.000000 
0.000000 
0.000000 
0.000000 
0.000000 
0.000000 
0.000000 
0.000000 
0.000000 
0.000000 
0.000002 
0.000017 
0.000120 
0.000724 
0.003753 
0.016275 
0.057233 
0.156213 
0.310151 
0.406040 
0.310151 
0.156212 
0.057230 
0.016258 
0.003634 
0.000000 
0.000000 
0.000000 
0.000000 
0.000000 
0.000000 
0.000000 
0.000000 
0.000000 
0.000000 
0.000002 
0.000013 
0.000090 
0.000545 
0.002835 
0.012332 
0.043493 
0.119007 
0.236716 
0.310151 
0.236716 
0.119007 
0.043491 
0.012319 
0.002745 
0.000000 
0.000000 
0.000000 
0.000000 
0.000000 
0.000000 
0.000000 
0.000000 
0.000000 
0.000000 
0.000001 
0.000006 
0.000044 
0.000267 
0.001396 
0.006111 
0.021674 
0.059601 
0.119007 
0.156212 
0.119007 
0.059601 
0.021673 
0.006104 
0.001352 
0.000000 
0.000000 
0.000000 
0.000000 
0.000000 
0.000000 
0.000000 
0.000000 
0.000000 
0.000000 
0.000000 
0.000002 
0.000015 
0.000094 
0.000497 
0.002193 
0.007832 
0.021673 
0.043491 
0.057230 
0.043491 
0.021673 
0.007832 
0.002190 
0.000482 
0.000000 
0.000000 
0.000000 
0.000000 
0.000000 
0.000000 
0.000000 
0.000000 
0.000000 
0.000000 
0.000000 
0.000001 
0.000004 
0.000026 
0.000137 
0.000608 
0.002190 
0.006104 
0.012319 
0.016258 
0.012319 
0.006104 
0.002190 
0.000608 
0.000133 
0.000000 
0.000000 
0.000000 
0.000000 
0.000000 
0.000000 
0.000000 
0.000000 
0.000000 
0.000000 
0.000000 
0.000000 
0.000001 
0.000006 
0.000030 
0.000133 
0.000482 
0.001352 
0.002745 
0.003634 
0.002745 
0.001352 
0.000482 
0.000133 
0.000029 
