25.000000 25.000000 1.000000
0.000014 
0.000128 
0.000848 
0.003759 
0.008811 
0.003759 
0.000848 
0.000128 
0.000015 
0.000001 
0.000000 
0.000000 
0.000000 
0.000000 
0.000000 
0.000000 
0.000000 
0.000000 
0.000000 
0.000000 
0.000000 
0.000000 
0.000000 
0.000000 
0.000000 
0.000128 
0.001130 
0.007392 
0.032433 
0.075293 
0.032433 
0.007392 
0.001130 
0.000129 
0.000012 
0.000001 
0.000000 
0.000000 
0.000000 
0.000000 
0.000000 
0.000000 
0.000000 
0.000000 
0.000000 
0.000000 
0.000000 
0.000000 
0.000000 
0.000000 
0.000848 
0.007392 
0.047811 
0.207500 
0.477128 
0.207500 
0.047811 
0.007392 
0.000854 
0.000078 
0.000006 
0.000000 
0.000000 
0.000000 
0.000000 
0.000000 
0.000000 
0.000000 
0.000000 
0.000000 
0.000000 
0.000000 
0.000000 
0.000000 
0.000000 
0.003759 
0.032433 
0.207500 
0.891070 
2.030249 
0.891070 
0.207500 
0.032435 
0.003786 
0.000351 
0.000027 
0.000002 
0.000000 
0.000000 
0.000000 
0.000000 
0.000000 
0.000000 
0.000000 
0.000000 
0.000000 
0.000000 
0.000000 
0.000000 
0.000000 
0.008811 
0.075293 
0.477128 
2.030249 
4.589695 
2.030249 
0.477128 
0.075297 
0.008875 
0.000830 
0.000064 
0.000004 
0.000000 
0.000000 
0.000000 
0.000000 
0.000000 
0.000000 
0.000000 
0.000000 
0.000000 
0.000000 
0.000000 
0.000000 
0.000000 
0.003759 
0.032433 
0.207500 
0.891070 
2.030249 
0.891070 
0.207500 
0.032435 
0.003786 
0.000351 
0.000027 
0.000002 
0.000000 
0.000000 
0.000000 
0.000000 
0.000000 
0.000000 
0.000000 
0.000000 
0.000000 
0.000000 
0.000000 
0.000000 
0.000000 
0.000848 
0.007392 
0.047811 
0.207500 
0.477128 
0.207500 
0.047811 
0.007392 
0.000854 
0.000078 
0.000006 
0.000000 
0.000000 
0.000000 
0.000000 
0.000000 
0.000000 
0.000000 
0.000000 
0.000000 
0.000000 
0.000000 
0.000000 
0.000000 
0.000000 
0.000128 
0.001130 
0.007392 
0.032435 
0.075297 
0.032435 
0.007392 
0.001130 
0.000129 
0.000012 
0.000001 
0.000000 
0.000000 
0.000000 
0.000000 
0.000000 
0.000000 
0.000000 
0.000000 
0.000000 
0.000000 
0.000000 
0.000000 
0.000000 
0.000000 
0.000015 
0.000129 
0.000854 
0.003786 
0.008875 
0.003786 
0.000854 
0.000129 
0.000015 
0.000001 
0.000000 
0.000000 
0.000000 
0.000000 
0.000000 
0.000000 
0.000000 
0.000000 
0.000000 
0.000000 
0.000000 
0.000000 
0.000000 
0.000000 
0.000000 
0.000001 
0.000012 
0.000078 
0.000351 
0.000830 
0.000351 
0.000078 
0.000012 
0.000001 
0.000000 
0.000000 
0.000000 
0.000000 
0.000000 
0.000000 
0.000000 
0.000000 
0.000000 
0.000000 
0.000000 
0.000000 
0.000000 
0.000000 
0.000000 
0.000000 
0.000000 
0.000001 
0.000006 
0.000027 
0.000064 
0.000027 
0.000006 
0.000001 
0.000000 
0.000000 
0.000000 
0.000000 
0.000000 
0.000000 
0.000000 
0.000000 
0.000000 
0.000000 
0.000000 
0.000000 
0.000000 
0.000000 
0.000000 
0.000000 
0.000000 
0.000000 
0.000000 
0.000000 
0.000002 
0.000004 
0.000002 
0.000000 
0.000000 
0.000000 
0.000000 
0.000000 
0.000000 
0.000000 
0.000000 
0.000000 
0.000000 
0.000000 
0.000000 
0.000000 
0.000000 
0.000000 
0.000000 
0.000000 
0.000000 
0.000000 
0.000000 
0.000000 
0.000000 
0.000000 
0.000000 
0.000000 
0.000000 
0.000000 
0.000000 
0.000000 
0.000000 
0.000000 
0.000000 
0.000000 
0.000000 
0.000000 
0.000000 
0.000001 
0.000003 
0.000004 
0.000003 
0.000001 
0.000000 
0.000000 
0.000000 
0.000000 
0.000000 
0.000000 
0.000000 
0.000000 
0.000000 
0.000000 
0.000000 
0.000000 
0.000000 
0.000000 
0.000000 
0.000000 
0.000000 
0.000000 
0.000000 
0.000002 
0.000008 
0.000024 
0.000040 
0.000024 
0.000008 
0.000002 
0.000000 
0.000000 
0.000000 
0.000000 
0.000000 
0.000000 
0.000000 
0.000000 
0.000000 
0.000000 
0.000000 
0.000000 
0.000000 
0.000000 
0.000000 
0.000000 
0.000000 
0.000003 
0.000016 
0.000066 
0.000192 
0.000326 
0.000192 
0.000066 
0.000016 
0.000003 
0.000000 
0.000000 
0.000000 
0.000000 
0.000000 
0.000000 
0.000000 
0.000000 
0.000000 
0.000000 
0.000000 
0.000000 
0.000000 
0.000000 
0.000000 
0.000003 
0.000020 
0.000107 
0.000448 
0.001322 
0.002276 
0.001322 
0.000448 
0.000107 
0.000020 
0.000003 
0.000000 
0.000000 
0.000000 
0.000000 
0.000000 
0.000000 
0.000000 
0.000000 
0.000000 
0.000000 
0.000000 
0.000000 
0.000000 
0.000002 
0.000016 
0.000107 
0.000587 
0.002496 
0.007506 
0.013134 
0.007506 
0.002496 
0.000587 
0.000107 
0.000016 
0.000000 
0.000000 
0.000000 
0.000000 
0.000000 
0.000000 
0.000000 
0.000000 
0.000000 
0.000000 
0.000000 
0.000000 
0.000001 
0.000008 
0.000066 
0.000448 
0.002496 
0.010827 
0.033236 
0.059144 
0.033236 
0.010827 
0.002496 
0.000448 
0.000065 
0.000000 
0.000000 
0.000000 
0.000000 
0.000000 
0.000000 
0.000000 
0.000000 
0.000000 
0.000000 
0.000000 
0.000000 
0.000003 
0.000024 
0.000192 
0.001322 
0.007506 
0.033236 
0.104139 
0.188326 
0.104139 
0.033236 
0.007506 
0.001322 
0.000189 
0.000000 
0.000000 
0.000000 
0.000000 
0.000000 
0.000000 
0.000000 
0.000000 
0.000000 
0.000000 
0.000000 
0.000000 
0.000004 
0.000040 
0.000326 
0.002276 
0.013134 
0.059144 
0.188326 
0.344712 
0.188326 
0.059144 
0.013134 
0.002276 
0.000321 
0.000000 
0.000000 
0.000000 
0.000000 
0.000000 
0.000000 
0.000000 
0.000000 
0.000000 
0.000000 
0.000000 
0.000000 
0.000003 
0.000024 
0.000192 
0.001322 
0.007506 
0.033236 
0.104139 
0.188326 
0.104139 
0.033236 
0.007506 
0.001322 
0.000189 
0.000000 
0.000000 
0.000000 
0.000000 
0.000000 
0.000000 
0.000000 
0.000000 
0.000000 
0.000000 
0.000000 
0.000000 
0.000001 
0.000008 
0.000066 
0.000448 
0.002496 
0.010827 
0.033236 
0.059144 
0.033236 
0.010827 
0.002496 
0.000448 
0.000065 
0.000000 
0.000000 
0.000000 
0.000000 
0.000000 
0.000000 
0.000000 
0.000000 
0.000000 
0.000000 
0.000000 
0.000000 
0.000000 
0.000002 
0.000016 
0.000107 
0.000587 
0.002496 
0.007506 
0.013134 
0.007506 
0.002496 
0.000587 
0.000107 
0.000016 
0.000000 
0.000000 
0.000000 
0.000000 
0.000000 
0.000000 
0.000000 
0.000000 
0.000000 
0.000000 
0.000000 
0.000000 
0.000000 
0.000000 
0.000003 
0.000020 
0.000107 
0.000448 
0.001322 
0.002276 
0.001322 
0.000448 
0.000107 
0.000020 
0.000003 
0.000000 
0.000000 
0.000000 
0.000000 
0.000000 
0.000000 
0.000000 
0.000000 
0.000000 
0.000000 
0.000000 
0.000000 
0.000000 
0.000000 
0.000000 
0.000003 
0.000016 
0.000065 
0.000189 
0.000321 
0.000189 
0.000065 
0.000016 
0.000003 
0.000000 
