25.000000 25.000000 1.000000
0.000000 
0.000001 
0.000009 
0.000051 
0.000160 
0.000051 
0.000009 
0.000001 
0.000000 
0.000000 
0.000000 
0.000000 
0.000000 
0.000000 
0.000000 
0.000000 
0.000000 
0.000000 
0.000000 
0.000000 
0.000000 
0.000000 
0.000000 
0.000000 
0.000000 
0.000001 
0.000011 
0.000102 
0.000612 
0.001915 
0.000612 
0.000102 
0.000011 
0.000001 
0.000000 
0.000000 
0.000000 
0.000000 
0.000000 
0.000000 
0.000000 
0.000000 
0.000000 
0.000000 
0.000000 
0.000000 
0.000000 
0.000000 
0.000000 
0.000000 
0.000009 
0.000102 
0.000910 
0.005490 
0.017303 
0.005490 
0.000910 
0.000102 
0.000009 
0.000001 
0.000000 
0.000000 
0.000000 
0.000000 
0.000000 
0.000000 
0.000000 
0.000000 
0.000000 
0.000000 
0.000000 
0.000000 
0.000000 
0.000000 
0.000000 
0.000051 
0.000612 
0.005490 
0.033398 
0.106448 
0.033398 
0.005490 
0.000612 
0.000052 
0.000003 
0.000000 
0.000000 
0.000000 
0.000000 
0.000000 
0.000000 
0.000000 
0.000000 
0.000000 
0.000000 
0.000000 
0.000000 
0.000000 
0.000000 
0.000000 
0.000160 
0.001915 
0.017303 
0.106448 
0.343432 
0.106448 
0.017303 
0.001915 
0.000161 
0.000011 
0.000001 
0.000000 
0.000000 
0.000000 
0.000000 
0.000000 
0.000000 
0.000000 
0.000000 
0.000000 
0.000000 
0.000000 
0.000000 
0.000000 
0.000000 
0.000051 
0.000612 
0.005490 
0.033398 
0.106448 
0.033398 
0.005490 
0.000612 
0.000052 
0.000003 
0.000000 
0.000000 
0.000000 
0.000000 
0.000000 
0.000000 
0.000000 
0.000000 
0.000000 
0.000000 
0.000000 
0.000000 
0.000000 
0.000000 
0.000000 
0.000009 
0.000102 
0.000910 
0.005490 
0.017303 
0.005490 
0.000910 
0.000102 
0.000009 
0.000001 
0.000000 
0.000000 
0.000000 
0.000000 
0.000000 
0.000000 
0.000000 
0.000000 
0.000000 
0.000000 
0.000000 
0.000000 
0.000000 
0.000000 
0.000000 
0.000001 
0.000011 
0.000102 
0.000612 
0.001915 
0.000612 
0.000102 
0.000011 
0.000001 
0.000000 
0.000000 
0.000000 
0.000000 
0.000000 
0.000000 
0.000000 
0.000000 
0.000000 
0.000000 
0.000000 
0.000000 
0.000000 
0.000000 
0.000000 
0.000000 
0.000000 
0.000001 
0.000009 
0.000052 
0.000161 
0.000052 
0.000009 
0.000001 
0.000000 
0.000000 
0.000000 
0.000000 
0.000000 
0.000000 
0.000000 
0.000000 
0.000000 
0.000000 
0.000000 
0.000000 
0.000000 
0.000000 
0.000000 
0.000000 
0.000000 
0.000000 
0.000000 
0.000001 
0.000003 
0.000011 
0.000003 
0.000001 
0.000000 
0.000000 
0.000000 
0.000000 
0.000000 
0.000000 
0.000000 
0.000000 
0.000000 
0.000000 
0.000000 
0.000000 
0.000000 
0.000000 
0.000000 
0.000000 
0.000000 
0.000000 
0.000000 
0.000000 
0.000000 
0.000000 
0.000001 
0.000000 
0.000000 
0.000000 
0.000000 
0.000000 
0.000000 
0.000000 
0.000000 
0.000000 
0.000000 
0.000000 
0.000000 
0.000000 
0.000000 
0.000000 
0.000000 
0.000000 
0.000000 
0.000000 
0.000000 
0.000000 
0.000000 
0.000000 
0.000000 
0.000000 
0.000000 
0.000000 
0.000000 
0.000000 
0.000000 
0.000000 
0.000000 
0.000000 
0.000000 
0.000000 
0.000000 
0.000000 
0.000000 
0.000000 
0.000000 
0.000000 
0.000000 
0.000000 
0.000000 
0.000000 
0.000000 
0.000000 
0.000000 
0.000000 
0.000000 
0.000000 
0.000000 
0.000000 
0.000000 
0.000000 
0.000000 
0.000000 
0.000000 
0.000000 
0.000000 
0.000000 
0.000000 
0.000000 
0.000001 
0.000003 
0.000001 
0.000000 
0.000000 
0.000000 
0.000000 
0.000000 
0.000000 
0.000000 
0.000000 
0.000000 
0.000000 
0.000000 
0.000000 
0.000000 
0.000000 
0.000000 
0.000000 
0.000000 
0.000000 
0.000000 
0.000000 
0.000000 
0.000004 
0.000018 
0.000048 
0.000018 
0.000004 
0.000000 
0.000000 
0.000000 
0.000000 
0.000000 
0.000000 
0.000000 
0.000000 
0.000000 
0.000000 
0.000000 
0.000000 
0.000000 
0.000000 
0.000000 
0.000000 
0.000000 
0.000000 
0.000001 
0.000007 
0.000054 
0.000270 
0.000694 
0.000270 
0.000054 
0.000007 
0.000001 
0.000000 
0.000000 
0.000000 
0.000000 
0.000000 
0.000000 
0.000000 
0.000000 
0.000000 
0.000000 
0.000000 
0.000000 
0.000000 
0.000000 
0.000000 
0.000001 
0.000009 
0.000089 
0.000662 
0.003216 
0.008048 
0.003216 
0.000662 
0.000089 
0.000009 
0.000001 
0.000000 
0.000000 
0.000000 
0.000000 
0.000000 
0.000000 
0.000000 
0.000000 
0.000000 
0.000000 
0.000000 
0.000000 
0.000000 
0.000000 
0.000007 
0.000089 
0.000878 
0.006307 
0.029817 
0.072889 
0.029817 
0.006307 
0.000878 
0.000089 
0.000007 
0.000000 
0.000000 
0.000000 
0.000000 
0.000000 
0.000000 
0.000000 
0.000000 
0.000000 
0.000000 
0.000000 
0.000000 
0.000000 
0.000004 
0.000054 
0.000662 
0.006307 
0.044070 
0.202961 
0.485239 
0.202961 
0.044070 
0.006307 
0.000662 
0.000054 
0.000000 
0.000000 
0.000000 
0.000000 
0.000000 
0.000000 
0.000000 
0.000000 
0.000000 
0.000000 
0.000000 
0.000000 
0.000001 
0.000018 
0.000270 
0.003216 
0.029817 
0.202961 
0.912155 
2.136319 
0.912155 
0.202961 
0.029817 
0.003216 
0.000269 
0.000000 
0.000000 
0.000000 
0.000000 
0.000000 
0.000000 
0.000000 
0.000000 
0.000000 
0.000000 
0.000000 
0.000000 
0.000003 
0.000048 
0.000694 
0.008048 
0.072889 
0.485239 
2.136319 
4.918326 
2.136319 
0.485239 
0.072889 
0.008048 
0.000691 
0.000000 
0.000000 
0.000000 
0.000000 
0.000000 
0.000000 
0.000000 
0.000000 
0.000000 
0.000000 
0.000000 
0.000000 
0.000001 
0.000018 
0.000270 
0.003216 
0.029817 
0.202961 
0.912155 
2.136319 
0.912155 
0.202961 
0.029817 
0.003216 
0.000269 
0.000000 
0.000000 
0.000000 
0.000000 
0.000000 
0.000000 
0.000000 
0.000000 
0.000000 
0.000000 
0.000000 
0.000000 
0.000000 
0.000004 
0.000054 
0.000662 
0.006307 
0.044070 
0.202961 
0.485239 
0.202961 
0.044070 
0.006307 
0.000662 
0.000054 
0.000000 
0.000000 
0.000000 
0.000000 
0.000000 
0.000000 
0.000000 
0.000000 
0.000000 
0.000000 
0.000000 
0.000000 
0.000000 
0.000000 
0.000007 
0.000089 
0.000878 
0.006307 
0.029817 
0.072889 
0.029817 
0.006307 
0.000878 
0.000089 
0.000007 
0.000000 
0.000000 
0.000000 
0.000000 
0.000000 
0.000000 
0.000000 
0.000000 
0.000000 
0.000000 
0.000000 
0.000000 
0.000000 
0.000000 
0.000001 
0.000009 
0.000089 
0.000662 
0.003216 
0.008048 
0.003216 
0.000662 
0.000089 
0.000009 
0.000001 
0.000000 
0.000000 
0.000000 
0.000000 
0.000000 
0.000000 
0.000000 
0.000000 
0.000000 
0.000000 
0.000000 
0.000000 
0.000000 
0.000000 
0.000000 
0.000001 
0.000007 
0.000054 
0.000269 
0.000691 
0.000269 
0.000054 
0.000007 
0.000001 
0.000000 
