25.000000 25.000000 1.000000
0.000033 
0.000250 
0.001411 
0.005401 
0.011182 
0.005401 
0.001411 
0.000250 
0.000033 
0.000004 
0.000000 
0.000000 
0.000000 
0.000000 
0.000000 
0.000000 
0.000000 
0.000000 
0.000000 
0.000000 
0.000000 
0.000000 
0.000000 
0.000000 
0.000000 
0.000250 
0.001882 
0.010557 
0.040062 
0.082337 
0.040062 
0.010557 
0.001882 
0.000252 
0.000027 
0.000002 
0.000000 
0.000000 
0.000000 
0.000000 
0.000000 
0.000000 
0.000000 
0.000000 
0.000000 
0.000000 
0.000000 
0.000000 
0.000000 
0.000000 
0.001411 
0.010557 
0.058700 
0.220817 
0.450489 
0.220817 
0.058700 
0.010558 
0.001425 
0.000153 
0.000014 
0.000001 
0.000000 
0.000000 
0.000000 
0.000000 
0.000000 
0.000000 
0.000000 
0.000000 
0.000000 
0.000000 
0.000000 
0.000000 
0.000000 
0.005401 
0.040062 
0.220817 
0.823643 
1.668505 
0.823643 
0.220817 
0.040066 
0.005454 
0.000591 
0.000053 
0.000004 
0.000000 
0.000000 
0.000000 
0.000000 
0.000000 
0.000000 
0.000000 
0.000000 
0.000000 
0.000000 
0.000000 
0.000000 
0.000000 
0.011182 
0.082337 
0.450489 
1.668505 
3.360482 
1.668505 
0.450489 
0.082346 
0.011294 
0.001234 
0.000112 
0.000009 
0.000001 
0.000000 
0.000000 
0.000000 
0.000000 
0.000000 
0.000000 
0.000000 
0.000000 
0.000000 
0.000000 
0.000000 
0.000000 
0.005401 
0.040062 
0.220817 
0.823643 
1.668505 
0.823643 
0.220817 
0.040066 
0.005454 
0.000591 
0.000053 
0.000004 
0.000000 
0.000000 
0.000000 
0.000000 
0.000000 
0.000000 
0.000000 
0.000000 
0.000000 
0.000000 
0.000000 
0.000000 
0.000000 
0.001411 
0.010557 
0.058700 
0.220817 
0.450489 
0.220817 
0.058700 
0.010558 
0.001425 
0.000153 
0.000014 
0.000001 
0.000000 
0.000000 
0.000000 
0.000000 
0.000000 
0.000000 
0.000000 
0.000000 
0.000000 
0.000000 
0.000000 
0.000000 
0.000000 
0.000250 
0.001882 
0.010558 
0.040066 
0.082346 
0.040066 
0.010558 
0.001882 
0.000252 
0.000027 
0.000002 
0.000000 
0.000000 
0.000000 
0.000000 
0.000000 
0.000000 
0.000000 
0.000000 
0.000000 
0.000000 
0.000000 
0.000000 
0.000000 
0.000000 
0.000033 
0.000252 
0.001425 
0.005454 
0.011294 
0.005454 
0.001425 
0.000252 
0.000033 
0.000004 
0.000000 
0.000000 
0.000000 
0.000000 
0.000000 
0.000000 
0.000000 
0.000000 
0.000000 
0.000000 
0.000000 
0.000000 
0.000000 
0.000000 
0.000000 
0.000004 
0.000027 
0.000153 
0.000591 
0.001234 
0.000591 
0.000153 
0.000027 
0.000004 
0.000000 
0.000000 
0.000000 
0.000000 
0.000000 
0.000000 
0.000000 
0.000000 
0.000000 
0.000000 
0.000000 
0.000000 
0.000000 
0.000000 
0.000000 
0.000000 
0.000000 
0.000002 
0.000014 
0.000053 
0.000112 
0.000053 
0.000014 
0.000002 
0.000000 
0.000000 
0.000000 
0.000000 
0.000000 
0.000000 
0.000000 
0.000000 
0.000000 
0.000000 
0.000000 
0.000000 
0.000000 
0.000000 
0.000000 
0.000000 
0.000000 
0.000000 
0.000000 
0.000001 
0.000004 
0.000009 
0.000004 
0.000001 
0.000000 
0.000000 
0.000000 
0.000000 
0.000000 
0.000000 
0.000000 
0.000000 
0.000000 
0.000000 
0.000000 
0.000001 
0.000001 
0.000001 
0.000000 
0.000000 
0.000000 
0.000000 
0.000000 
0.000000 
0.000000 
0.000000 
0.000001 
0.000000 
0.000000 
0.000000 
0.000000 
0.000000 
0.000000 
0.000000 
0.000000 
0.000000 
0.000000 
0.000000 
0.000001 
0.000002 
0.000005 
0.000008 
0.000005 
0.000002 
0.000001 
0.000000 
0.000000 
0.000000 
0.000000 
0.000000 
0.000000 
0.000000 
0.000000 
0.000000 
0.000000 
0.000000 
0.000000 
0.000000 
0.000000 
0.000000 
0.000000 
0.000000 
0.000001 
0.000005 
0.000017 
0.000044 
0.000067 
0.000044 
0.000017 
0.000005 
0.000001 
0.000000 
0.000000 
0.000000 
0.000000 
0.000000 
0.000000 
0.000000 
0.000000 
0.000000 
0.000000 
0.000000 
0.000000 
0.000000 
0.000000 
0.000000 
0.000001 
0.000007 
0.000033 
0.000119 
0.000307 
0.000478 
0.000307 
0.000119 
0.000033 
0.000007 
0.000001 
0.000000 
0.000000 
0.000000 
0.000000 
0.000000 
0.000000 
0.000000 
0.000000 
0.000000 
0.000000 
0.000000 
0.000000 
0.000000 
0.000001 
0.000007 
0.000041 
0.000191 
0.000702 
0.001841 
0.002913 
0.001841 
0.000702 
0.000191 
0.000041 
0.000007 
0.000000 
0.000000 
0.000000 
0.000000 
0.000000 
0.000000 
0.000000 
0.000000 
0.000000 
0.000000 
0.000000 
0.000000 
0.000001 
0.000005 
0.000033 
0.000191 
0.000914 
0.003419 
0.009151 
0.014704 
0.009151 
0.003419 
0.000914 
0.000191 
0.000032 
0.000000 
0.000000 
0.000000 
0.000000 
0.000000 
0.000000 
0.000000 
0.000000 
0.000000 
0.000000 
0.000000 
0.000000 
0.000002 
0.000017 
0.000119 
0.000702 
0.003419 
0.013058 
0.035696 
0.058260 
0.035696 
0.013058 
0.003419 
0.000701 
0.000117 
0.000000 
0.000000 
0.000000 
0.000000 
0.000000 
0.000000 
0.000000 
0.000000 
0.000000 
0.000000 
0.000000 
0.000001 
0.000005 
0.000044 
0.000307 
0.001841 
0.009151 
0.035696 
0.099556 
0.164835 
0.099556 
0.035696 
0.009151 
0.001840 
0.000301 
0.000000 
0.000000 
0.000000 
0.000000 
0.000000 
0.000000 
0.000000 
0.000000 
0.000000 
0.000000 
0.000000 
0.000001 
0.000008 
0.000067 
0.000478 
0.002913 
0.014704 
0.058260 
0.164835 
0.275647 
0.164835 
0.058260 
0.014704 
0.002912 
0.000470 
0.000000 
0.000000 
0.000000 
0.000000 
0.000000 
0.000000 
0.000000 
0.000000 
0.000000 
0.000000 
0.000000 
0.000001 
0.000005 
0.000044 
0.000307 
0.001841 
0.009151 
0.035696 
0.099556 
0.164835 
0.099556 
0.035696 
0.009151 
0.001840 
0.000301 
0.000000 
0.000000 
0.000000 
0.000000 
0.000000 
0.000000 
0.000000 
0.000000 
0.000000 
0.000000 
0.000000 
0.000000 
0.000002 
0.000017 
0.000119 
0.000702 
0.003419 
0.013058 
0.035696 
0.058260 
0.035696 
0.013058 
0.003419 
0.000701 
0.000117 
0.000000 
0.000000 
0.000000 
0.000000 
0.000000 
0.000000 
0.000000 
0.000000 
0.000000 
0.000000 
0.000000 
0.000000 
0.000001 
0.000005 
0.000033 
0.000191 
0.000914 
0.003419 
0.009151 
0.014704 
0.009151 
0.003419 
0.000914 
0.000191 
0.000032 
0.000000 
0.000000 
0.000000 
0.000000 
0.000000 
0.000000 
0.000000 
0.000000 
0.000000 
0.000000 
0.000000 
0.000000 
0.000000 
0.000001 
0.000007 
0.000041 
0.000191 
0.000701 
0.001840 
0.002912 
0.001840 
0.000701 
0.000191 
0.000041 
0.000007 
0.000000 
0.000000 
0.000000 
0.000000 
0.000000 
0.000000 
0.000000 
0.000000 
0.000000 
0.000000 
0.000000 
0.000000 
0.000000 
0.000000 
0.000001 
0.000007 
0.000032 
0.000117 
0.000301 
0.000470 
0.000301 
0.000117 
0.000032 
0.000007 
0.000001 
