25.000000 25.000000 1.000000
0.000018 
0.000090 
0.000332 
0.000880 
0.001401 
0.000880 
0.000332 
0.000090 
0.000019 
0.000003 
0.000000 
0.000000 
0.000000 
0.000000 
0.000000 
0.000000 
0.000000 
0.000000 
0.000000 
0.000000 
0.000000 
0.000000 
0.000000 
0.000000 
0.000000 
0.000090 
0.000443 
0.001674 
0.004518 
0.007301 
0.004518 
0.001674 
0.000444 
0.000092 
0.000016 
0.000002 
0.000000 
0.000000 
0.000000 
0.000000 
0.000000 
0.000000 
0.000000 
0.000000 
0.000000 
0.000000 
0.000000 
0.000000 
0.000000 
0.000000 
0.000332 
0.001674 
0.006455 
0.017790 
0.029207 
0.017790 
0.006455 
0.001675 
0.000341 
0.000057 
0.000008 
0.000001 
0.000000 
0.000000 
0.000000 
0.000000 
0.000000 
0.000000 
0.000000 
0.000000 
0.000000 
0.000000 
0.000000 
0.000000 
0.000000 
0.000880 
0.004518 
0.017790 
0.050023 
0.083322 
0.050023 
0.017791 
0.004521 
0.000901 
0.000149 
0.000021 
0.000003 
0.000000 
0.000000 
0.000000 
0.000000 
0.000000 
0.000000 
0.000000 
0.000000 
0.000000 
0.000000 
0.000000 
0.000000 
0.000000 
0.001401 
0.007301 
0.029207 
0.083322 
0.140198 
0.083322 
0.029207 
0.007305 
0.001434 
0.000233 
0.000033 
0.000004 
0.000000 
0.000000 
0.000000 
0.000000 
0.000000 
0.000000 
0.000000 
0.000000 
0.000000 
0.000000 
0.000000 
0.000000 
0.000000 
0.000880 
0.004518 
0.017790 
0.050023 
0.083322 
0.050023 
0.017791 
0.004521 
0.000901 
0.000149 
0.000021 
0.000003 
0.000000 
0.000000 
0.000000 
0.000000 
0.000000 
0.000000 
0.000000 
0.000000 
0.000000 
0.000000 
0.000000 
0.000000 
0.000000 
0.000332 
0.001674 
0.006455 
0.017791 
0.029207 
0.017791 
0.006456 
0.001675 
0.000341 
0.000057 
0.000008 
0.000001 
0.000000 
0.000000 
0.000000 
0.000000 
0.000000 
0.000000 
0.000000 
0.000000 
0.000000 
0.000000 
0.000000 
0.000000 
0.000000 
0.000090 
0.000444 
0.001675 
0.004521 
0.007305 
0.004521 
0.001675 
0.000444 
0.000092 
0.000016 
0.000002 
0.000000 
0.000000 
0.000000 
0.000000 
0.000000 
0.000000 
0.000000 
0.000000 
0.000000 
0.000000 
0.000000 
0.000000 
0.000000 
0.000000 
0.000019 
0.000092 
0.000341 
0.000901 
0.001434 
0.000901 
0.000341 
0.000092 
0.000019 
0.000003 
0.000000 
0.000000 
0.000000 
0.000000 
0.000000 
0.000000 
0.000000 
0.000000 
0.000000 
0.000000 
0.000000 
0.000000 
0.000000 
0.000000 
0.000000 
0.000003 
0.000016 
0.000057 
0.000149 
0.000233 
0.000149 
0.000057 
0.000016 
0.000003 
0.000001 
0.000000 
0.000000 
0.000000 
0.000000 
0.000000 
0.000000 
0.000000 
0.000000 
0.000000 
0.000000 
0.000000 
0.000000 
0.000000 
0.000000 
0.000000 
0.000000 
0.000002 
0.000008 
0.000021 
0.000033 
0.000021 
0.000008 
0.000002 
0.000000 
0.000000 
0.000000 
0.000000 
0.000000 
0.000000 
0.000000 
0.000000 
0.000000 
0.000000 
0.000001 
0.000002 
0.000001 
0.000000 
0.000000 
0.000000 
0.000000 
0.000000 
0.000000 
0.000001 
0.000003 
0.000004 
0.000003 
0.000001 
0.000000 
0.000000 
0.000000 
0.000000 
0.000000 
0.000000 
0.000000 
0.000000 
0.000000 
0.000001 
0.000004 
0.000009 
0.000013 
0.000009 
0.000004 
0.000001 
0.000000 
0.000000 
0.000000 
0.000000 
0.000000 
0.000000 
0.000000 
0.000000 
0.000000 
0.000000 
0.000000 
0.000000 
0.000000 
0.000000 
0.000000 
0.000000 
0.000001 
0.000003 
0.000010 
0.000032 
0.000071 
0.000098 
0.000071 
0.000032 
0.000010 
0.000003 
0.000001 
0.000000 
0.000000 
0.000000 
0.000000 
0.000000 
0.000000 
0.000000 
0.000000 
0.000000 
0.000000 
0.000000 
0.000000 
0.000000 
0.000001 
0.000004 
0.000018 
0.000071 
0.000215 
0.000468 
0.000644 
0.000468 
0.000215 
0.000071 
0.000018 
0.000004 
0.000000 
0.000000 
0.000000 
0.000000 
0.000000 
0.000000 
0.000000 
0.000000 
0.000000 
0.000000 
0.000000 
0.000000 
0.000001 
0.000004 
0.000021 
0.000103 
0.000405 
0.001224 
0.002643 
0.003621 
0.002643 
0.001224 
0.000405 
0.000103 
0.000021 
0.000000 
0.000000 
0.000000 
0.000000 
0.000000 
0.000000 
0.000000 
0.000000 
0.000000 
0.000000 
0.000000 
0.000000 
0.000003 
0.000018 
0.000103 
0.000498 
0.001939 
0.005809 
0.012449 
0.016985 
0.012449 
0.005809 
0.001939 
0.000497 
0.000100 
0.000000 
0.000000 
0.000000 
0.000000 
0.000000 
0.000000 
0.000000 
0.000000 
0.000000 
0.000000 
0.000000 
0.000001 
0.000010 
0.000071 
0.000405 
0.001939 
0.007487 
0.022244 
0.047345 
0.064351 
0.047345 
0.022244 
0.007487 
0.001938 
0.000395 
0.000000 
0.000000 
0.000000 
0.000000 
0.000000 
0.000000 
0.000000 
0.000000 
0.000000 
0.000000 
0.000000 
0.000004 
0.000032 
0.000215 
0.001224 
0.005809 
0.022244 
0.065597 
0.138770 
0.187995 
0.138770 
0.065597 
0.022244 
0.005805 
0.001192 
0.000000 
0.000000 
0.000000 
0.000000 
0.000000 
0.000000 
0.000000 
0.000000 
0.000000 
0.000000 
0.000001 
0.000009 
0.000071 
0.000468 
0.002643 
0.012449 
0.047345 
0.138770 
0.292141 
0.394757 
0.292141 
0.138770 
0.047344 
0.012440 
0.002572 
0.000000 
0.000000 
0.000000 
0.000000 
0.000000 
0.000000 
0.000000 
0.000000 
0.000000 
0.000000 
0.000002 
0.000013 
0.000098 
0.000644 
0.003621 
0.016985 
0.064351 
0.187995 
0.394757 
0.532742 
0.394757 
0.187994 
0.064350 
0.016972 
0.003523 
0.000000 
0.000000 
0.000000 
0.000000 
0.000000 
0.000000 
0.000000 
0.000000 
0.000000 
0.000000 
0.000001 
0.000009 
0.000071 
0.000468 
0.002643 
0.012449 
0.047345 
0.138770 
0.292141 
0.394757 
0.292141 
0.138770 
0.047344 
0.012440 
0.002572 
0.000000 
0.000000 
0.000000 
0.000000 
0.000000 
0.000000 
0.000000 
0.000000 
0.000000 
0.000000 
0.000000 
0.000004 
0.000032 
0.000215 
0.001224 
0.005809 
0.022244 
0.065597 
0.138770 
0.187994 
0.138770 
0.065597 
0.022244 
0.005805 
0.001192 
0.000000 
0.000000 
0.000000 
0.000000 
0.000000 
0.000000 
0.000000 
0.000000 
0.000000 
0.000000 
0.000000 
0.000001 
0.000010 
0.000071 
0.000405 
0.001939 
0.007487 
0.022244 
0.047344 
0.064350 
0.047344 
0.022244 
0.007487 
0.001938 
0.000395 
0.000000 
0.000000 
0.000000 
0.000000 
0.000000 
0.000000 
0.000000 
0.000000 
0.000000 
0.000000 
0.000000 
0.000000 
0.000003 
0.000018 
0.000103 
0.000497 
0.001938 
0.005805 
0.012440 
0.016972 
0.012440 
0.005805 
0.001938 
0.000497 
0.000100 
0.000000 
0.000000 
0.000000 
0.000000 
0.000000 
0.000000 
0.000000 
0.000000 
0.000000 
0.000000 
0.000000 
0.000000 
0.000001 
0.000004 
0.000021 
0.000100 
0.000395 
0.001192 
0.002572 
0.003523 
0.002572 
0.001192 
0.000395 
0.000100 
0.000020 
