25.000000 25.000000 1.000000
0.000022 
0.000104 
0.000372 
0.000954 
0.001486 
0.000954 
0.000372 
0.000104 
0.000023 
0.000004 
0.000001 
0.000000 
0.000000 
0.000000 
0.000000 
0.000000 
0.000000 
0.000000 
0.000000 
0.000000 
0.000000 
0.000000 
0.000000 
0.000000 
0.000000 
0.000104 
0.000496 
0.001808 
0.004729 
0.007474 
0.004729 
0.001809 
0.000496 
0.000107 
0.000019 
0.000003 
0.000000 
0.000000 
0.000000 
0.000000 
0.000000 
0.000000 
0.000000 
0.000000 
0.000000 
0.000000 
0.000000 
0.000000 
0.000000 
0.000000 
0.000372 
0.001808 
0.006735 
0.017986 
0.028863 
0.017986 
0.006735 
0.001810 
0.000382 
0.000067 
0.000010 
0.000001 
0.000000 
0.000000 
0.000000 
0.000000 
0.000000 
0.000000 
0.000000 
0.000000 
0.000000 
0.000000 
0.000000 
0.000000 
0.000000 
0.000954 
0.004729 
0.017986 
0.048989 
0.079718 
0.048989 
0.017986 
0.004733 
0.000978 
0.000168 
0.000025 
0.000003 
0.000000 
0.000000 
0.000000 
0.000000 
0.000000 
0.000000 
0.000000 
0.000000 
0.000000 
0.000000 
0.000000 
0.000000 
0.000000 
0.001486 
0.007474 
0.028863 
0.079718 
0.130957 
0.079718 
0.028864 
0.007479 
0.001523 
0.000257 
0.000037 
0.000005 
0.000001 
0.000000 
0.000000 
0.000000 
0.000000 
0.000000 
0.000000 
0.000000 
0.000000 
0.000000 
0.000000 
0.000000 
0.000000 
0.000954 
0.004729 
0.017986 
0.048989 
0.079718 
0.048989 
0.017986 
0.004733 
0.000978 
0.000168 
0.000025 
0.000003 
0.000000 
0.000000 
0.000000 
0.000000 
0.000000 
0.000000 
0.000000 
0.000000 
0.000000 
0.000000 
0.000000 
0.000000 
0.000000 
0.000372 
0.001809 
0.006735 
0.017986 
0.028864 
0.017986 
0.006735 
0.001810 
0.000382 
0.000067 
0.000010 
0.000001 
0.000000 
0.000000 
0.000000 
0.000000 
0.000000 
0.000000 
0.000000 
0.000000 
0.000000 
0.000000 
0.000000 
0.000000 
0.000000 
0.000104 
0.000496 
0.001810 
0.004733 
0.007479 
0.004733 
0.001810 
0.000497 
0.000107 
0.000019 
0.000003 
0.000000 
0.000000 
0.000000 
0.000000 
0.000000 
0.000000 
0.000000 
0.000000 
0.000000 
0.000000 
0.000000 
0.000000 
0.000000 
0.000000 
0.000023 
0.000107 
0.000382 
0.000978 
0.001523 
0.000978 
0.000382 
0.000107 
0.000023 
0.000004 
0.000001 
0.000000 
0.000000 
0.000000 
0.000000 
0.000000 
0.000000 
0.000000 
0.000000 
0.000000 
0.000000 
0.000000 
0.000000 
0.000000 
0.000000 
0.000004 
0.000019 
0.000067 
0.000168 
0.000257 
0.000168 
0.000067 
0.000019 
0.000004 
0.000001 
0.000000 
0.000000 
0.000000 
0.000000 
0.000000 
0.000000 
0.000000 
0.000000 
0.000000 
0.000000 
0.000000 
0.000000 
0.000000 
0.000000 
0.000000 
0.000001 
0.000003 
0.000010 
0.000025 
0.000037 
0.000025 
0.000010 
0.000003 
0.000001 
0.000000 
0.000000 
0.000000 
0.000000 
0.000000 
0.000000 
0.000000 
0.000000 
0.000001 
0.000001 
0.000002 
0.000001 
0.000001 
0.000000 
0.000000 
0.000000 
0.000000 
0.000000 
0.000001 
0.000003 
0.000005 
0.000003 
0.000001 
0.000000 
0.000000 
0.000000 
0.000000 
0.000000 
0.000000 
0.000000 
0.000000 
0.000000 
0.000002 
0.000005 
0.000011 
0.000015 
0.000011 
0.000005 
0.000002 
0.000000 
0.000000 
0.000000 
0.000000 
0.000000 
0.000000 
0.000001 
0.000000 
0.000000 
0.000000 
0.000000 
0.000000 
0.000000 
0.000000 
0.000000 
0.000000 
0.000001 
0.000003 
0.000013 
0.000038 
0.000080 
0.000109 
0.000080 
0.000038 
0.000013 
0.000003 
0.000001 
0.000000 
0.000000 
0.000000 
0.000000 
0.000000 
0.000000 
0.000000 
0.000000 
0.000000 
0.000000 
0.000000 
0.000000 
0.000000 
0.000001 
0.000005 
0.000022 
0.000082 
0.000241 
0.000508 
0.000686 
0.000508 
0.000241 
0.000082 
0.000022 
0.000004 
0.000000 
0.000000 
0.000000 
0.000000 
0.000000 
0.000000 
0.000000 
0.000000 
0.000000 
0.000000 
0.000000 
0.000000 
0.000001 
0.000005 
0.000026 
0.000120 
0.000452 
0.001314 
0.002749 
0.003699 
0.002749 
0.001314 
0.000452 
0.000120 
0.000025 
0.000000 
0.000000 
0.000000 
0.000000 
0.000000 
0.000000 
0.000000 
0.000000 
0.000000 
0.000000 
0.000000 
0.000000 
0.000003 
0.000022 
0.000120 
0.000554 
0.002073 
0.005984 
0.012431 
0.016667 
0.012431 
0.005984 
0.002073 
0.000554 
0.000116 
0.000000 
0.000000 
0.000000 
0.000000 
0.000000 
0.000000 
0.000000 
0.000000 
0.000000 
0.000000 
0.000000 
0.000002 
0.000013 
0.000082 
0.000452 
0.002073 
0.007692 
0.022031 
0.045482 
0.060778 
0.045482 
0.022031 
0.007691 
0.002072 
0.000439 
0.000000 
0.000000 
0.000000 
0.000000 
0.000000 
0.000000 
0.000000 
0.000000 
0.000000 
0.000000 
0.000001 
0.000005 
0.000038 
0.000241 
0.001314 
0.005984 
0.022031 
0.062670 
0.128672 
0.171451 
0.128672 
0.062670 
0.022030 
0.005979 
0.001277 
0.000000 
0.000000 
0.000000 
0.000000 
0.000000 
0.000000 
0.000000 
0.000000 
0.000000 
0.000000 
0.000001 
0.000011 
0.000080 
0.000508 
0.002749 
0.012431 
0.045482 
0.128672 
0.263045 
0.349737 
0.263045 
0.128672 
0.045481 
0.012420 
0.002669 
0.000000 
0.000000 
0.000000 
0.000000 
0.000000 
0.000000 
0.000000 
0.000000 
0.000000 
0.000000 
0.000002 
0.000015 
0.000109 
0.000686 
0.003699 
0.016667 
0.060778 
0.171451 
0.349737 
0.464527 
0.349737 
0.171451 
0.060776 
0.016652 
0.003590 
0.000000 
0.000000 
0.000000 
0.000000 
0.000000 
0.000000 
0.000000 
0.000000 
0.000000 
0.000000 
0.000001 
0.000011 
0.000080 
0.000508 
0.002749 
0.012431 
0.045482 
0.128672 
0.263045 
0.349737 
0.263045 
0.128672 
0.045481 
0.012420 
0.002669 
0.000000 
0.000000 
0.000000 
0.000000 
0.000000 
0.000000 
0.000000 
0.000000 
0.000000 
0.000000 
0.000001 
0.000005 
0.000038 
0.000241 
0.001314 
0.005984 
0.022031 
0.062670 
0.128672 
0.171451 
0.128672 
0.062670 
0.022030 
0.005979 
0.001277 
0.000000 
0.000000 
0.000000 
0.000000 
0.000000 
0.000000 
0.000000 
0.000000 
0.000000 
0.000000 
0.000000 
0.000002 
0.000013 
0.000082 
0.000452 
0.002073 
0.007691 
0.022030 
0.045481 
0.060776 
0.045481 
0.022030 
0.007691 
0.002072 
0.000439 
0.000000 
0.000000 
0.000000 
0.000000 
0.000000 
0.000000 
0.000000 
0.000000 
0.000000 
0.000000 
0.000000 
0.000000 
0.000003 
0.000022 
0.000120 
0.000554 
0.002072 
0.005979 
0.012420 
0.016652 
0.012420 
0.005979 
0.002072 
0.000553 
0.000116 
0.000000 
0.000000 
0.000000 
0.000000 
0.000000 
0.000000 
0.000000 
0.000000 
0.000000 
0.000000 
0.000000 
0.000000 
0.000001 
0.000004 
0.000025 
0.000116 
0.000439 
0.001277 
0.002669 
0.003590 
0.002669 
0.001277 
0.000439 
0.000116 
0.000024 
