25.000000 25.000000 1.000000
0.000014 
0.000073 
0.000284 
0.000785 
0.001288 
0.000785 
0.000284 
0.000073 
0.000015 
0.000002 
0.000000 
0.000000 
0.000000 
0.000000 
0.000000 
0.000000 
0.000000 
0.000000 
0.000000 
0.000000 
0.000000 
0.000000 
0.000000 
0.000000 
0.000000 
0.000073 
0.000379 
0.001499 
0.004222 
0.007035 
0.004222 
0.001499 
0.000379 
0.000075 
0.000012 
0.000002 
0.000000 
0.000000 
0.000000 
0.000000 
0.000000 
0.000000 
0.000000 
0.000000 
0.000000 
0.000000 
0.000000 
0.000000 
0.000000 
0.000000 
0.000284 
0.001499 
0.006057 
0.017414 
0.029493 
0.017414 
0.006057 
0.001500 
0.000290 
0.000046 
0.000006 
0.000001 
0.000000 
0.000000 
0.000000 
0.000000 
0.000000 
0.000000 
0.000000 
0.000000 
0.000000 
0.000000 
0.000000 
0.000000 
0.000000 
0.000785 
0.004222 
0.017414 
0.051096 
0.087863 
0.051096 
0.017414 
0.004224 
0.000802 
0.000126 
0.000017 
0.000002 
0.000000 
0.000000 
0.000000 
0.000000 
0.000000 
0.000000 
0.000000 
0.000000 
0.000000 
0.000000 
0.000000 
0.000000 
0.000000 
0.001288 
0.007035 
0.029493 
0.087863 
0.152747 
0.087863 
0.029493 
0.007038 
0.001315 
0.000203 
0.000027 
0.000003 
0.000000 
0.000000 
0.000000 
0.000000 
0.000000 
0.000000 
0.000000 
0.000000 
0.000000 
0.000000 
0.000000 
0.000000 
0.000000 
0.000785 
0.004222 
0.017414 
0.051096 
0.087863 
0.051096 
0.017414 
0.004224 
0.000802 
0.000126 
0.000017 
0.000002 
0.000000 
0.000000 
0.000000 
0.000000 
0.000000 
0.000000 
0.000000 
0.000000 
0.000000 
0.000000 
0.000000 
0.000000 
0.000000 
0.000284 
0.001499 
0.006057 
0.017414 
0.029493 
0.017414 
0.006057 
0.001500 
0.000290 
0.000046 
0.000006 
0.000001 
0.000000 
0.000000 
0.000000 
0.000000 
0.000000 
0.000000 
0.000000 
0.000000 
0.000000 
0.000000 
0.000000 
0.000000 
0.000000 
0.000073 
0.000379 
0.001500 
0.004224 
0.007038 
0.004224 
0.001500 
0.000379 
0.000075 
0.000012 
0.000002 
0.000000 
0.000000 
0.000000 
0.000000 
0.000000 
0.000000 
0.000000 
0.000000 
0.000000 
0.000000 
0.000000 
0.000000 
0.000000 
0.000000 
0.000015 
0.000075 
0.000290 
0.000802 
0.001315 
0.000802 
0.000290 
0.000075 
0.000015 
0.000002 
0.000000 
0.000000 
0.000000 
0.000000 
0.000000 
0.000000 
0.000000 
0.000000 
0.000000 
0.000000 
0.000000 
0.000000 
0.000000 
0.000000 
0.000000 
0.000002 
0.000012 
0.000046 
0.000126 
0.000203 
0.000126 
0.000046 
0.000012 
0.000002 
0.000000 
0.000000 
0.000000 
0.000000 
0.000000 
0.000000 
0.000000 
0.000000 
0.000000 
0.000000 
0.000000 
0.000000 
0.000000 
0.000000 
0.000000 
0.000000 
0.000000 
0.000002 
0.000006 
0.000017 
0.000027 
0.000017 
0.000006 
0.000002 
0.000000 
0.000000 
0.000000 
0.000000 
0.000000 
0.000000 
0.000000 
0.000000 
0.000000 
0.000000 
0.000001 
0.000001 
0.000001 
0.000000 
0.000000 
0.000000 
0.000000 
0.000000 
0.000000 
0.000001 
0.000002 
0.000003 
0.000002 
0.000001 
0.000000 
0.000000 
0.000000 
0.000000 
0.000000 
0.000000 
0.000000 
0.000000 
0.000000 
0.000001 
0.000003 
0.000007 
0.000010 
0.000007 
0.000003 
0.000001 
0.000000 
0.000000 
0.000000 
0.000000 
0.000000 
0.000000 
0.000000 
0.000000 
0.000000 
0.000000 
0.000000 
0.000000 
0.000000 
0.000000 
0.000000 
0.000000 
0.000000 
0.000002 
0.000008 
0.000026 
0.000059 
0.000084 
0.000059 
0.000026 
0.000008 
0.000002 
0.000000 
0.000000 
0.000000 
0.000000 
0.000000 
0.000000 
0.000000 
0.000000 
0.000000 
0.000000 
0.000000 
0.000000 
0.000000 
0.000000 
0.000000 
0.000003 
0.000014 
0.000057 
0.000183 
0.000415 
0.000587 
0.000415 
0.000183 
0.000057 
0.000014 
0.000003 
0.000000 
0.000000 
0.000000 
0.000000 
0.000000 
0.000000 
0.000000 
0.000000 
0.000000 
0.000000 
0.000000 
0.000000 
0.000000 
0.000003 
0.000016 
0.000083 
0.000346 
0.001101 
0.002482 
0.003487 
0.002482 
0.001101 
0.000346 
0.000083 
0.000016 
0.000000 
0.000000 
0.000000 
0.000000 
0.000000 
0.000000 
0.000000 
0.000000 
0.000000 
0.000000 
0.000000 
0.000000 
0.000002 
0.000014 
0.000083 
0.000426 
0.001753 
0.005521 
0.012342 
0.017256 
0.012342 
0.005521 
0.001753 
0.000426 
0.000081 
0.000000 
0.000000 
0.000000 
0.000000 
0.000000 
0.000000 
0.000000 
0.000000 
0.000000 
0.000000 
0.000000 
0.000001 
0.000008 
0.000057 
0.000346 
0.001753 
0.007140 
0.022278 
0.049419 
0.068791 
0.049419 
0.022278 
0.007140 
0.001752 
0.000338 
0.000000 
0.000000 
0.000000 
0.000000 
0.000000 
0.000000 
0.000000 
0.000000 
0.000000 
0.000000 
0.000000 
0.000003 
0.000026 
0.000183 
0.001101 
0.005521 
0.022278 
0.068941 
0.151881 
0.210590 
0.151881 
0.068941 
0.022278 
0.005518 
0.001075 
0.000000 
0.000000 
0.000000 
0.000000 
0.000000 
0.000000 
0.000000 
0.000000 
0.000000 
0.000000 
0.000001 
0.000007 
0.000059 
0.000415 
0.002482 
0.012342 
0.049419 
0.151881 
0.332718 
0.459894 
0.332718 
0.151881 
0.049419 
0.012335 
0.002423 
0.000000 
0.000000 
0.000000 
0.000000 
0.000000 
0.000000 
0.000000 
0.000000 
0.000000 
0.000000 
0.000001 
0.000010 
0.000084 
0.000587 
0.003487 
0.017256 
0.068791 
0.210590 
0.459894 
0.634635 
0.459894 
0.210590 
0.068790 
0.017245 
0.003402 
0.000000 
0.000000 
0.000000 
0.000000 
0.000000 
0.000000 
0.000000 
0.000000 
0.000000 
0.000000 
0.000001 
0.000007 
0.000059 
0.000415 
0.002482 
0.012342 
0.049419 
0.151881 
0.332718 
0.459894 
0.332718 
0.151881 
0.049419 
0.012335 
0.002423 
0.000000 
0.000000 
0.000000 
0.000000 
0.000000 
0.000000 
0.000000 
0.000000 
0.000000 
0.000000 
0.000000 
0.000003 
0.000026 
0.000183 
0.001101 
0.005521 
0.022278 
0.068941 
0.151881 
0.210590 
0.151881 
0.068941 
0.022278 
0.005518 
0.001075 
0.000000 
0.000000 
0.000000 
0.000000 
0.000000 
0.000000 
0.000000 
0.000000 
0.000000 
0.000000 
0.000000 
0.000001 
0.000008 
0.000057 
0.000346 
0.001753 
0.007140 
0.022278 
0.049419 
0.068790 
0.049419 
0.022278 
0.007139 
0.001752 
0.000338 
0.000000 
0.000000 
0.000000 
0.000000 
0.000000 
0.000000 
0.000000 
0.000000 
0.000000 
0.000000 
0.000000 
0.000000 
0.000002 
0.000014 
0.000083 
0.000426 
0.001752 
0.005518 
0.012335 
0.017245 
0.012335 
0.005518 
0.001752 
0.000426 
0.000081 
0.000000 
0.000000 
0.000000 
0.000000 
0.000000 
0.000000 
0.000000 
0.000000 
0.000000 
0.000000 
0.000000 
0.000000 
0.000000 
0.000003 
0.000016 
0.000081 
0.000338 
0.001075 
0.002423 
0.003402 
0.002423 
0.001075 
0.000338 
0.000081 
0.000015 
