25.000000 25.000000 1.000000
0.000048 
0.000336 
0.001764 
0.006299 
0.012329 
0.006299 
0.001764 
0.000336 
0.000048 
0.000006 
0.000001 
0.000000 
0.000000 
0.000000 
0.000000 
0.000000 
0.000000 
0.000000 
0.000000 
0.000000 
0.000000 
0.000000 
0.000000 
0.000000 
0.000000 
0.000336 
0.002352 
0.012269 
0.043492 
0.084584 
0.043492 
0.012269 
0.002352 
0.000339 
0.000039 
0.000004 
0.000000 
0.000000 
0.000000 
0.000000 
0.000000 
0.000000 
0.000000 
0.000000 
0.000000 
0.000000 
0.000000 
0.000000 
0.000000 
0.000000 
0.001764 
0.012269 
0.063501 
0.223345 
0.431563 
0.223345 
0.063501 
0.012271 
0.001784 
0.000207 
0.000020 
0.000002 
0.000000 
0.000000 
0.000000 
0.000000 
0.000000 
0.000000 
0.000000 
0.000000 
0.000000 
0.000000 
0.000000 
0.000000 
0.000000 
0.006299 
0.043492 
0.223345 
0.779622 
1.497194 
0.779622 
0.223346 
0.043498 
0.006371 
0.000745 
0.000072 
0.000006 
0.000000 
0.000000 
0.000000 
0.000000 
0.000000 
0.000000 
0.000000 
0.000000 
0.000000 
0.000000 
0.000000 
0.000000 
0.000000 
0.012329 
0.084584 
0.431563 
1.497194 
2.861079 
1.497194 
0.431563 
0.084595 
0.012472 
0.001467 
0.000143 
0.000012 
0.000001 
0.000000 
0.000000 
0.000000 
0.000000 
0.000000 
0.000000 
0.000000 
0.000000 
0.000000 
0.000000 
0.000000 
0.000000 
0.006299 
0.043492 
0.223345 
0.779622 
1.497194 
0.779622 
0.223346 
0.043498 
0.006371 
0.000745 
0.000072 
0.000006 
0.000000 
0.000000 
0.000000 
0.000000 
0.000000 
0.000000 
0.000000 
0.000000 
0.000000 
0.000000 
0.000000 
0.000000 
0.000000 
0.001764 
0.012269 
0.063501 
0.223346 
0.431563 
0.223346 
0.063501 
0.012271 
0.001784 
0.000207 
0.000020 
0.000002 
0.000000 
0.000000 
0.000000 
0.000000 
0.000000 
0.000000 
0.000000 
0.000000 
0.000000 
0.000000 
0.000000 
0.000000 
0.000000 
0.000336 
0.002352 
0.012271 
0.043498 
0.084595 
0.043498 
0.012271 
0.002352 
0.000339 
0.000039 
0.000004 
0.000000 
0.000000 
0.000000 
0.000000 
0.000000 
0.000000 
0.000000 
0.000000 
0.000000 
0.000000 
0.000000 
0.000000 
0.000000 
0.000000 
0.000048 
0.000339 
0.001784 
0.006371 
0.012472 
0.006371 
0.001784 
0.000339 
0.000049 
0.000006 
0.000001 
0.000000 
0.000000 
0.000000 
0.000000 
0.000000 
0.000000 
0.000000 
0.000000 
0.000000 
0.000000 
0.000000 
0.000000 
0.000000 
0.000000 
0.000006 
0.000039 
0.000207 
0.000745 
0.001467 
0.000745 
0.000207 
0.000039 
0.000006 
0.000001 
0.000000 
0.000000 
0.000000 
0.000000 
0.000000 
0.000000 
0.000000 
0.000000 
0.000000 
0.000000 
0.000000 
0.000000 
0.000000 
0.000000 
0.000000 
0.000001 
0.000004 
0.000020 
0.000072 
0.000143 
0.000072 
0.000020 
0.000004 
0.000001 
0.000000 
0.000000 
0.000000 
0.000000 
0.000000 
0.000000 
0.000000 
0.000000 
0.000000 
0.000000 
0.000000 
0.000000 
0.000000 
0.000000 
0.000000 
0.000000 
0.000000 
0.000000 
0.000002 
0.000006 
0.000012 
0.000006 
0.000002 
0.000000 
0.000000 
0.000000 
0.000000 
0.000000 
0.000000 
0.000000 
0.000000 
0.000000 
0.000000 
0.000000 
0.000001 
0.000001 
0.000001 
0.000000 
0.000000 
0.000000 
0.000000 
0.000000 
0.000000 
0.000000 
0.000000 
0.000001 
0.000000 
0.000000 
0.000000 
0.000000 
0.000000 
0.000000 
0.000000 
0.000000 
0.000000 
0.000000 
0.000000 
0.000001 
0.000003 
0.000008 
0.000011 
0.000008 
0.000003 
0.000001 
0.000000 
0.000000 
0.000000 
0.000000 
0.000000 
0.000000 
0.000000 
0.000000 
0.000000 
0.000000 
0.000000 
0.000000 
0.000000 
0.000000 
0.000000 
0.000000 
0.000000 
0.000002 
0.000007 
0.000024 
0.000057 
0.000085 
0.000057 
0.000024 
0.000007 
0.000002 
0.000000 
0.000000 
0.000000 
0.000000 
0.000000 
0.000000 
0.000000 
0.000000 
0.000000 
0.000000 
0.000000 
0.000000 
0.000000 
0.000000 
0.000000 
0.000002 
0.000010 
0.000045 
0.000153 
0.000374 
0.000563 
0.000374 
0.000153 
0.000045 
0.000010 
0.000002 
0.000000 
0.000000 
0.000000 
0.000000 
0.000000 
0.000000 
0.000000 
0.000000 
0.000000 
0.000000 
0.000000 
0.000000 
0.000000 
0.000002 
0.000010 
0.000056 
0.000245 
0.000847 
0.002107 
0.003214 
0.002107 
0.000847 
0.000245 
0.000056 
0.000010 
0.000000 
0.000000 
0.000000 
0.000000 
0.000000 
0.000000 
0.000000 
0.000000 
0.000000 
0.000000 
0.000000 
0.000000 
0.000001 
0.000007 
0.000045 
0.000245 
0.001100 
0.003877 
0.009842 
0.015238 
0.009842 
0.003877 
0.001100 
0.000245 
0.000044 
0.000000 
0.000000 
0.000000 
0.000000 
0.000000 
0.000000 
0.000000 
0.000000 
0.000000 
0.000000 
0.000000 
0.000000 
0.000003 
0.000024 
0.000153 
0.000847 
0.003877 
0.013960 
0.036191 
0.056869 
0.036191 
0.013960 
0.003877 
0.000846 
0.000150 
0.000000 
0.000000 
0.000000 
0.000000 
0.000000 
0.000000 
0.000000 
0.000000 
0.000000 
0.000000 
0.000000 
0.000001 
0.000008 
0.000057 
0.000374 
0.002107 
0.009842 
0.036191 
0.095660 
0.152334 
0.095660 
0.036191 
0.009842 
0.002106 
0.000367 
0.000000 
0.000000 
0.000000 
0.000000 
0.000000 
0.000000 
0.000000 
0.000000 
0.000000 
0.000000 
0.000000 
0.000001 
0.000011 
0.000085 
0.000563 
0.003214 
0.015238 
0.056869 
0.152334 
0.244746 
0.152334 
0.056869 
0.015238 
0.003213 
0.000552 
0.000000 
0.000000 
0.000000 
0.000000 
0.000000 
0.000000 
0.000000 
0.000000 
0.000000 
0.000000 
0.000000 
0.000001 
0.000008 
0.000057 
0.000374 
0.002107 
0.009842 
0.036191 
0.095660 
0.152334 
0.095660 
0.036191 
0.009842 
0.002106 
0.000367 
0.000000 
0.000000 
0.000000 
0.000000 
0.000000 
0.000000 
0.000000 
0.000000 
0.000000 
0.000000 
0.000000 
0.000000 
0.000003 
0.000024 
0.000153 
0.000847 
0.003877 
0.013960 
0.036191 
0.056869 
0.036191 
0.013960 
0.003877 
0.000846 
0.000150 
0.000000 
0.000000 
0.000000 
0.000000 
0.000000 
0.000000 
0.000000 
0.000000 
0.000000 
0.000000 
0.000000 
0.000000 
0.000001 
0.000007 
0.000045 
0.000245 
0.001100 
0.003877 
0.009842 
0.015238 
0.009842 
0.003877 
0.001100 
0.000245 
0.000044 
0.000000 
0.000000 
0.000000 
0.000000 
0.000000 
0.000000 
0.000000 
0.000000 
0.000000 
0.000000 
0.000000 
0.000000 
0.000000 
0.000002 
0.000010 
0.000056 
0.000245 
0.000846 
0.002106 
0.003213 
0.002106 
0.000846 
0.000245 
0.000056 
0.000010 
0.000000 
0.000000 
0.000000 
0.000000 
0.000000 
0.000000 
0.000000 
0.000000 
0.000000 
0.000000 
0.000000 
0.000000 
0.000000 
0.000000 
0.000002 
0.000010 
0.000044 
0.000150 
0.000367 
0.000552 
0.000367 
0.000150 
0.000044 
0.000010 
0.000002 
