25.000000 25.000000 1.000000
0.000029 
0.000228 
0.001316 
0.005144 
0.010835 
0.005144 
0.001316 
0.000228 
0.000030 
0.000003 
0.000000 
0.000000 
0.000000 
0.000000 
0.000000 
0.000000 
0.000000 
0.000000 
0.000000 
0.000000 
0.000000 
0.000000 
0.000000 
0.000000 
0.000000 
0.000228 
0.001755 
0.010064 
0.038988 
0.081504 
0.038988 
0.010064 
0.001755 
0.000230 
0.000024 
0.000002 
0.000000 
0.000000 
0.000000 
0.000000 
0.000000 
0.000000 
0.000000 
0.000000 
0.000000 
0.000000 
0.000000 
0.000000 
0.000000 
0.000000 
0.001316 
0.010064 
0.057183 
0.219534 
0.455419 
0.219534 
0.057183 
0.010065 
0.001328 
0.000140 
0.000012 
0.000001 
0.000000 
0.000000 
0.000000 
0.000000 
0.000000 
0.000000 
0.000000 
0.000000 
0.000000 
0.000000 
0.000000 
0.000000 
0.000000 
0.005144 
0.038988 
0.219534 
0.835466 
1.720488 
0.835466 
0.219534 
0.038992 
0.005192 
0.000550 
0.000048 
0.000004 
0.000000 
0.000000 
0.000000 
0.000000 
0.000000 
0.000000 
0.000000 
0.000000 
0.000000 
0.000000 
0.000000 
0.000000 
0.000000 
0.010835 
0.081504 
0.455419 
1.720488 
3.521615 
1.720488 
0.455420 
0.081512 
0.010939 
0.001168 
0.000103 
0.000008 
0.000001 
0.000000 
0.000000 
0.000000 
0.000000 
0.000000 
0.000000 
0.000000 
0.000000 
0.000000 
0.000000 
0.000000 
0.000000 
0.005144 
0.038988 
0.219534 
0.835466 
1.720488 
0.835466 
0.219534 
0.038992 
0.005192 
0.000550 
0.000048 
0.000004 
0.000000 
0.000000 
0.000000 
0.000000 
0.000000 
0.000000 
0.000000 
0.000000 
0.000000 
0.000000 
0.000000 
0.000000 
0.000000 
0.001316 
0.010064 
0.057183 
0.219534 
0.455420 
0.219534 
0.057183 
0.010065 
0.001328 
0.000140 
0.000012 
0.000001 
0.000000 
0.000000 
0.000000 
0.000000 
0.000000 
0.000000 
0.000000 
0.000000 
0.000000 
0.000000 
0.000000 
0.000000 
0.000000 
0.000228 
0.001755 
0.010065 
0.038992 
0.081512 
0.038992 
0.010065 
0.001755 
0.000230 
0.000024 
0.000002 
0.000000 
0.000000 
0.000000 
0.000000 
0.000000 
0.000000 
0.000000 
0.000000 
0.000000 
0.000000 
0.000000 
0.000000 
0.000000 
0.000000 
0.000030 
0.000230 
0.001328 
0.005192 
0.010939 
0.005192 
0.001328 
0.000230 
0.000030 
0.000003 
0.000000 
0.000000 
0.000000 
0.000000 
0.000000 
0.000000 
0.000000 
0.000000 
0.000000 
0.000000 
0.000000 
0.000000 
0.000000 
0.000000 
0.000000 
0.000003 
0.000024 
0.000140 
0.000550 
0.001168 
0.000550 
0.000140 
0.000024 
0.000003 
0.000000 
0.000000 
0.000000 
0.000000 
0.000000 
0.000000 
0.000000 
0.000000 
0.000000 
0.000000 
0.000000 
0.000000 
0.000000 
0.000000 
0.000000 
0.000000 
0.000000 
0.000002 
0.000012 
0.000048 
0.000103 
0.000048 
0.000012 
0.000002 
0.000000 
0.000000 
0.000000 
0.000000 
0.000000 
0.000000 
0.000000 
0.000000 
0.000000 
0.000000 
0.000000 
0.000000 
0.000000 
0.000000 
0.000000 
0.000000 
0.000000 
0.000000 
0.000000 
0.000001 
0.000004 
0.000008 
0.000004 
0.000001 
0.000000 
0.000000 
0.000000 
0.000000 
0.000000 
0.000000 
0.000000 
0.000000 
0.000000 
0.000000 
0.000000 
0.000001 
0.000001 
0.000001 
0.000000 
0.000000 
0.000000 
0.000000 
0.000000 
0.000000 
0.000000 
0.000000 
0.000001 
0.000000 
0.000000 
0.000000 
0.000000 
0.000000 
0.000000 
0.000000 
0.000000 
0.000000 
0.000000 
0.000000 
0.000001 
0.000002 
0.000005 
0.000008 
0.000005 
0.000002 
0.000001 
0.000000 
0.000000 
0.000000 
0.000000 
0.000000 
0.000000 
0.000000 
0.000000 
0.000000 
0.000000 
0.000000 
0.000000 
0.000000 
0.000000 
0.000000 
0.000000 
0.000000 
0.000001 
0.000004 
0.000016 
0.000040 
0.000063 
0.000040 
0.000016 
0.000004 
0.000001 
0.000000 
0.000000 
0.000000 
0.000000 
0.000000 
0.000000 
0.000000 
0.000000 
0.000000 
0.000000 
0.000000 
0.000000 
0.000000 
0.000000 
0.000000 
0.000001 
0.000006 
0.000030 
0.000110 
0.000288 
0.000454 
0.000288 
0.000110 
0.000030 
0.000006 
0.000001 
0.000000 
0.000000 
0.000000 
0.000000 
0.000000 
0.000000 
0.000000 
0.000000 
0.000000 
0.000000 
0.000000 
0.000000 
0.000000 
0.000001 
0.000006 
0.000037 
0.000177 
0.000661 
0.001763 
0.002821 
0.001763 
0.000661 
0.000177 
0.000037 
0.000006 
0.000000 
0.000000 
0.000000 
0.000000 
0.000000 
0.000000 
0.000000 
0.000000 
0.000000 
0.000000 
0.000000 
0.000000 
0.000001 
0.000004 
0.000030 
0.000177 
0.000862 
0.003281 
0.008928 
0.014512 
0.008928 
0.003281 
0.000862 
0.000177 
0.000029 
0.000000 
0.000000 
0.000000 
0.000000 
0.000000 
0.000000 
0.000000 
0.000000 
0.000000 
0.000000 
0.000000 
0.000000 
0.000002 
0.000016 
0.000110 
0.000661 
0.003281 
0.012760 
0.035455 
0.058555 
0.035455 
0.012760 
0.003281 
0.000660 
0.000108 
0.000000 
0.000000 
0.000000 
0.000000 
0.000000 
0.000000 
0.000000 
0.000000 
0.000000 
0.000000 
0.000000 
0.000001 
0.000005 
0.000040 
0.000288 
0.001763 
0.008928 
0.035455 
0.100518 
0.168458 
0.100518 
0.035455 
0.008928 
0.001762 
0.000283 
0.000000 
0.000000 
0.000000 
0.000000 
0.000000 
0.000000 
0.000000 
0.000000 
0.000000 
0.000000 
0.000000 
0.000001 
0.000008 
0.000063 
0.000454 
0.002821 
0.014512 
0.058555 
0.168458 
0.285233 
0.168458 
0.058555 
0.014512 
0.002820 
0.000447 
0.000000 
0.000000 
0.000000 
0.000000 
0.000000 
0.000000 
0.000000 
0.000000 
0.000000 
0.000000 
0.000000 
0.000001 
0.000005 
0.000040 
0.000288 
0.001763 
0.008928 
0.035455 
0.100518 
0.168458 
0.100518 
0.035455 
0.008928 
0.001762 
0.000283 
0.000000 
0.000000 
0.000000 
0.000000 
0.000000 
0.000000 
0.000000 
0.000000 
0.000000 
0.000000 
0.000000 
0.000000 
0.000002 
0.000016 
0.000110 
0.000661 
0.003281 
0.012760 
0.035455 
0.058555 
0.035455 
0.012760 
0.003281 
0.000660 
0.000108 
0.000000 
0.000000 
0.000000 
0.000000 
0.000000 
0.000000 
0.000000 
0.000000 
0.000000 
0.000000 
0.000000 
0.000000 
0.000001 
0.000004 
0.000030 
0.000177 
0.000862 
0.003281 
0.008928 
0.014512 
0.008928 
0.003281 
0.000862 
0.000177 
0.000029 
0.000000 
0.000000 
0.000000 
0.000000 
0.000000 
0.000000 
0.000000 
0.000000 
0.000000 
0.000000 
0.000000 
0.000000 
0.000000 
0.000001 
0.000006 
0.000037 
0.000177 
0.000660 
0.001762 
0.002820 
0.001762 
0.000660 
0.000177 
0.000037 
0.000006 
0.000000 
0.000000 
0.000000 
0.000000 
0.000000 
0.000000 
0.000000 
0.000000 
0.000000 
0.000000 
0.000000 
0.000000 
0.000000 
0.000000 
0.000001 
0.000006 
0.000029 
0.000108 
0.000283 
0.000447 
0.000283 
0.000108 
0.000029 
0.000006 
0.000001 
