25.000000 25.000000 1.000000
0.000001 
0.000011 
0.000062 
0.000245 
0.000534 
0.000245 
0.000062 
0.000011 
0.000001 
0.000000 
0.000000 
0.000000 
0.000000 
0.000000 
0.000000 
0.000000 
0.000000 
0.000000 
0.000000 
0.000000 
0.000000 
0.000000 
0.000000 
0.000000 
0.000000 
0.000011 
0.000082 
0.000479 
0.001932 
0.004266 
0.001932 
0.000479 
0.000082 
0.000011 
0.000001 
0.000000 
0.000000 
0.000000 
0.000000 
0.000000 
0.000000 
0.000000 
0.000000 
0.000000 
0.000000 
0.000000 
0.000000 
0.000000 
0.000000 
0.000000 
0.000062 
0.000479 
0.002837 
0.011609 
0.026060 
0.011609 
0.002837 
0.000480 
0.000062 
0.000007 
0.000001 
0.000000 
0.000000 
0.000000 
0.000000 
0.000000 
0.000000 
0.000000 
0.000000 
0.000000 
0.000000 
0.000000 
0.000000 
0.000000 
0.000000 
0.000245 
0.001932 
0.011609 
0.048378 
0.110470 
0.048378 
0.011609 
0.001932 
0.000247 
0.000026 
0.000002 
0.000000 
0.000000 
0.000000 
0.000000 
0.000000 
0.000000 
0.000000 
0.000000 
0.000000 
0.000000 
0.000000 
0.000000 
0.000000 
0.000000 
0.000534 
0.004266 
0.026060 
0.110470 
0.256074 
0.110470 
0.026060 
0.004267 
0.000539 
0.000056 
0.000005 
0.000000 
0.000000 
0.000000 
0.000000 
0.000000 
0.000000 
0.000000 
0.000000 
0.000000 
0.000000 
0.000000 
0.000000 
0.000000 
0.000000 
0.000245 
0.001932 
0.011609 
0.048378 
0.110470 
0.048378 
0.011609 
0.001932 
0.000247 
0.000026 
0.000002 
0.000000 
0.000000 
0.000000 
0.000000 
0.000000 
0.000000 
0.000000 
0.000000 
0.000000 
0.000000 
0.000000 
0.000000 
0.000000 
0.000000 
0.000062 
0.000479 
0.002837 
0.011609 
0.026060 
0.011609 
0.002837 
0.000480 
0.000062 
0.000007 
0.000001 
0.000000 
0.000000 
0.000000 
0.000000 
0.000000 
0.000000 
0.000000 
0.000000 
0.000000 
0.000000 
0.000000 
0.000000 
0.000000 
0.000000 
0.000011 
0.000082 
0.000480 
0.001932 
0.004267 
0.001932 
0.000480 
0.000082 
0.000011 
0.000001 
0.000000 
0.000000 
0.000000 
0.000000 
0.000000 
0.000000 
0.000000 
0.000000 
0.000000 
0.000000 
0.000000 
0.000000 
0.000000 
0.000000 
0.000000 
0.000001 
0.000011 
0.000062 
0.000247 
0.000539 
0.000247 
0.000062 
0.000011 
0.000001 
0.000000 
0.000000 
0.000000 
0.000000 
0.000000 
0.000000 
0.000000 
0.000000 
0.000000 
0.000000 
0.000000 
0.000000 
0.000000 
0.000000 
0.000000 
0.000000 
0.000000 
0.000001 
0.000007 
0.000026 
0.000056 
0.000026 
0.000007 
0.000001 
0.000000 
0.000000 
0.000000 
0.000000 
0.000000 
0.000000 
0.000000 
0.000000 
0.000000 
0.000000 
0.000000 
0.000000 
0.000000 
0.000000 
0.000000 
0.000000 
0.000000 
0.000000 
0.000000 
0.000001 
0.000002 
0.000005 
0.000002 
0.000001 
0.000000 
0.000000 
0.000000 
0.000000 
0.000000 
0.000000 
0.000000 
0.000000 
0.000000 
0.000000 
0.000000 
0.000000 
0.000000 
0.000000 
0.000000 
0.000000 
0.000000 
0.000000 
0.000000 
0.000000 
0.000000 
0.000000 
0.000000 
0.000000 
0.000000 
0.000000 
0.000000 
0.000000 
0.000000 
0.000000 
0.000000 
0.000000 
0.000000 
0.000000 
0.000000 
0.000000 
0.000001 
0.000002 
0.000001 
0.000000 
0.000000 
0.000000 
0.000000 
0.000000 
0.000000 
0.000000 
0.000000 
0.000000 
0.000000 
0.000000 
0.000000 
0.000000 
0.000000 
0.000000 
0.000000 
0.000000 
0.000000 
0.000000 
0.000000 
0.000001 
0.000003 
0.000010 
0.000019 
0.000010 
0.000003 
0.000001 
0.000000 
0.000000 
0.000000 
0.000000 
0.000000 
0.000000 
0.000000 
0.000000 
0.000000 
0.000000 
0.000000 
0.000000 
0.000000 
0.000000 
0.000000 
0.000000 
0.000000 
0.000001 
0.000007 
0.000034 
0.000114 
0.000209 
0.000114 
0.000034 
0.000007 
0.000001 
0.000000 
0.000000 
0.000000 
0.000000 
0.000000 
0.000000 
0.000000 
0.000000 
0.000000 
0.000000 
0.000000 
0.000000 
0.000000 
0.000000 
0.000000 
0.000001 
0.000010 
0.000067 
0.000323 
0.001057 
0.001916 
0.001057 
0.000323 
0.000067 
0.000010 
0.000001 
0.000000 
0.000000 
0.000000 
0.000000 
0.000000 
0.000000 
0.000000 
0.000000 
0.000000 
0.000000 
0.000000 
0.000000 
0.000000 
0.000001 
0.000010 
0.000083 
0.000528 
0.002510 
0.008077 
0.014461 
0.008077 
0.002510 
0.000528 
0.000083 
0.000010 
0.000000 
0.000000 
0.000000 
0.000000 
0.000000 
0.000000 
0.000000 
0.000000 
0.000000 
0.000000 
0.000000 
0.000000 
0.000001 
0.000007 
0.000067 
0.000528 
0.003302 
0.015421 
0.048863 
0.086463 
0.048863 
0.015421 
0.003302 
0.000528 
0.000066 
0.000000 
0.000000 
0.000000 
0.000000 
0.000000 
0.000000 
0.000000 
0.000000 
0.000000 
0.000000 
0.000000 
0.000000 
0.000003 
0.000034 
0.000323 
0.002510 
0.015421 
0.070850 
0.221203 
0.387167 
0.221203 
0.070850 
0.015421 
0.002509 
0.000320 
0.000000 
0.000000 
0.000000 
0.000000 
0.000000 
0.000000 
0.000000 
0.000000 
0.000000 
0.000000 
0.000000 
0.000001 
0.000010 
0.000114 
0.001057 
0.008077 
0.048863 
0.221203 
0.681497 
1.181259 
0.681497 
0.221203 
0.048863 
0.008077 
0.001047 
0.000000 
0.000000 
0.000000 
0.000000 
0.000000 
0.000000 
0.000000 
0.000000 
0.000000 
0.000000 
0.000000 
0.000002 
0.000019 
0.000209 
0.001916 
0.014461 
0.086463 
0.387167 
1.181259 
2.033259 
1.181259 
0.387167 
0.086463 
0.014460 
0.001897 
0.000000 
0.000000 
0.000000 
0.000000 
0.000000 
0.000000 
0.000000 
0.000000 
0.000000 
0.000000 
0.000000 
0.000001 
0.000010 
0.000114 
0.001057 
0.008077 
0.048863 
0.221203 
0.681497 
1.181259 
0.681497 
0.221203 
0.048863 
0.008077 
0.001047 
0.000000 
0.000000 
0.000000 
0.000000 
0.000000 
0.000000 
0.000000 
0.000000 
0.000000 
0.000000 
0.000000 
0.000000 
0.000003 
0.000034 
0.000323 
0.002510 
0.015421 
0.070850 
0.221203 
0.387167 
0.221203 
0.070850 
0.015421 
0.002509 
0.000320 
0.000000 
0.000000 
0.000000 
0.000000 
0.000000 
0.000000 
0.000000 
0.000000 
0.000000 
0.000000 
0.000000 
0.000000 
0.000001 
0.000007 
0.000067 
0.000528 
0.003302 
0.015421 
0.048863 
0.086463 
0.048863 
0.015421 
0.003302 
0.000528 
0.000066 
0.000000 
0.000000 
0.000000 
0.000000 
0.000000 
0.000000 
0.000000 
0.000000 
0.000000 
0.000000 
0.000000 
0.000000 
0.000000 
0.000001 
0.000010 
0.000083 
0.000528 
0.002509 
0.008077 
0.014460 
0.008077 
0.002509 
0.000528 
0.000083 
0.000010 
0.000000 
0.000000 
0.000000 
0.000000 
0.000000 
0.000000 
0.000000 
0.000000 
0.000000 
0.000000 
0.000000 
0.000000 
0.000000 
0.000000 
0.000001 
0.000010 
0.000066 
0.000320 
0.001047 
0.001897 
0.001047 
0.000320 
0.000066 
0.000010 
0.000001 
