25.000000 25.000000 1.000000
0.000017 
0.000083 
0.000313 
0.000842 
0.001357 
0.000842 
0.000313 
0.000083 
0.000017 
0.000003 
0.000000 
0.000000 
0.000000 
0.000000 
0.000000 
0.000000 
0.000000 
0.000000 
0.000000 
0.000000 
0.000000 
0.000000 
0.000000 
0.000000 
0.000000 
0.000083 
0.000417 
0.001605 
0.004404 
0.007201 
0.004404 
0.001605 
0.000418 
0.000085 
0.000014 
0.000002 
0.000000 
0.000000 
0.000000 
0.000000 
0.000000 
0.000000 
0.000000 
0.000000 
0.000000 
0.000000 
0.000000 
0.000000 
0.000000 
0.000000 
0.000313 
0.001605 
0.006302 
0.017658 
0.029342 
0.017658 
0.006302 
0.001606 
0.000320 
0.000053 
0.000007 
0.000001 
0.000000 
0.000000 
0.000000 
0.000000 
0.000000 
0.000000 
0.000000 
0.000000 
0.000000 
0.000000 
0.000000 
0.000000 
0.000000 
0.000842 
0.004404 
0.017658 
0.050485 
0.085137 
0.050485 
0.017658 
0.004406 
0.000861 
0.000139 
0.000019 
0.000002 
0.000000 
0.000000 
0.000000 
0.000000 
0.000000 
0.000000 
0.000000 
0.000000 
0.000000 
0.000000 
0.000000 
0.000000 
0.000000 
0.001357 
0.007201 
0.029342 
0.085137 
0.145080 
0.085137 
0.029342 
0.007205 
0.001387 
0.000221 
0.000030 
0.000004 
0.000000 
0.000000 
0.000000 
0.000000 
0.000000 
0.000000 
0.000000 
0.000000 
0.000000 
0.000000 
0.000000 
0.000000 
0.000000 
0.000842 
0.004404 
0.017658 
0.050485 
0.085137 
0.050485 
0.017658 
0.004406 
0.000861 
0.000139 
0.000019 
0.000002 
0.000000 
0.000000 
0.000000 
0.000000 
0.000000 
0.000000 
0.000000 
0.000000 
0.000000 
0.000000 
0.000000 
0.000000 
0.000000 
0.000313 
0.001605 
0.006302 
0.017658 
0.029342 
0.017658 
0.006303 
0.001606 
0.000320 
0.000053 
0.000007 
0.000001 
0.000000 
0.000000 
0.000000 
0.000000 
0.000000 
0.000000 
0.000000 
0.000000 
0.000000 
0.000000 
0.000000 
0.000000 
0.000000 
0.000083 
0.000418 
0.001606 
0.004406 
0.007205 
0.004406 
0.001606 
0.000418 
0.000085 
0.000014 
0.000002 
0.000000 
0.000000 
0.000000 
0.000000 
0.000000 
0.000000 
0.000000 
0.000000 
0.000000 
0.000000 
0.000000 
0.000000 
0.000000 
0.000000 
0.000017 
0.000085 
0.000320 
0.000861 
0.001387 
0.000861 
0.000320 
0.000085 
0.000018 
0.000003 
0.000000 
0.000000 
0.000000 
0.000000 
0.000000 
0.000000 
0.000000 
0.000000 
0.000000 
0.000000 
0.000000 
0.000000 
0.000000 
0.000000 
0.000000 
0.000003 
0.000014 
0.000053 
0.000139 
0.000221 
0.000139 
0.000053 
0.000014 
0.000003 
0.000001 
0.000000 
0.000000 
0.000000 
0.000000 
0.000000 
0.000000 
0.000000 
0.000000 
0.000000 
0.000000 
0.000000 
0.000000 
0.000000 
0.000000 
0.000000 
0.000000 
0.000002 
0.000007 
0.000019 
0.000030 
0.000019 
0.000007 
0.000002 
0.000000 
0.000000 
0.000000 
0.000000 
0.000000 
0.000000 
0.000000 
0.000000 
0.000000 
0.000000 
0.000001 
0.000001 
0.000001 
0.000000 
0.000000 
0.000000 
0.000000 
0.000000 
0.000000 
0.000001 
0.000002 
0.000004 
0.000002 
0.000001 
0.000000 
0.000000 
0.000000 
0.000000 
0.000000 
0.000000 
0.000000 
0.000000 
0.000000 
0.000001 
0.000004 
0.000008 
0.000012 
0.000008 
0.000004 
0.000001 
0.000000 
0.000000 
0.000000 
0.000000 
0.000000 
0.000000 
0.000000 
0.000000 
0.000000 
0.000000 
0.000000 
0.000000 
0.000000 
0.000000 
0.000000 
0.000000 
0.000000 
0.000002 
0.000009 
0.000030 
0.000066 
0.000092 
0.000066 
0.000030 
0.000009 
0.000002 
0.000000 
0.000000 
0.000000 
0.000000 
0.000000 
0.000000 
0.000000 
0.000000 
0.000000 
0.000000 
0.000000 
0.000000 
0.000000 
0.000000 
0.000001 
0.000003 
0.000016 
0.000065 
0.000202 
0.000447 
0.000621 
0.000447 
0.000202 
0.000065 
0.000016 
0.000003 
0.000000 
0.000000 
0.000000 
0.000000 
0.000000 
0.000000 
0.000000 
0.000000 
0.000000 
0.000000 
0.000000 
0.000000 
0.000000 
0.000003 
0.000019 
0.000095 
0.000382 
0.001176 
0.002582 
0.003572 
0.002582 
0.001176 
0.000382 
0.000095 
0.000019 
0.000000 
0.000000 
0.000000 
0.000000 
0.000000 
0.000000 
0.000000 
0.000000 
0.000000 
0.000000 
0.000000 
0.000000 
0.000002 
0.000016 
0.000095 
0.000469 
0.001867 
0.005703 
0.012425 
0.017111 
0.012425 
0.005703 
0.001867 
0.000469 
0.000093 
0.000000 
0.000000 
0.000000 
0.000000 
0.000000 
0.000000 
0.000000 
0.000000 
0.000000 
0.000000 
0.000000 
0.000001 
0.000009 
0.000065 
0.000382 
0.001867 
0.007361 
0.022291 
0.048214 
0.066136 
0.048214 
0.022291 
0.007360 
0.001866 
0.000372 
0.000000 
0.000000 
0.000000 
0.000000 
0.000000 
0.000000 
0.000000 
0.000000 
0.000000 
0.000000 
0.000000 
0.000004 
0.000030 
0.000202 
0.001176 
0.005703 
0.022291 
0.066984 
0.143959 
0.196773 
0.143959 
0.066984 
0.022291 
0.005700 
0.001147 
0.000000 
0.000000 
0.000000 
0.000000 
0.000000 
0.000000 
0.000000 
0.000000 
0.000000 
0.000000 
0.000001 
0.000008 
0.000066 
0.000447 
0.002582 
0.012425 
0.048214 
0.143959 
0.307793 
0.419549 
0.307793 
0.143959 
0.048213 
0.012416 
0.002516 
0.000000 
0.000000 
0.000000 
0.000000 
0.000000 
0.000000 
0.000000 
0.000000 
0.000000 
0.000000 
0.000001 
0.000012 
0.000092 
0.000621 
0.003572 
0.017111 
0.066136 
0.196773 
0.419549 
0.571077 
0.419549 
0.196773 
0.066134 
0.017100 
0.003479 
0.000000 
0.000000 
0.000000 
0.000000 
0.000000 
0.000000 
0.000000 
0.000000 
0.000000 
0.000000 
0.000001 
0.000008 
0.000066 
0.000447 
0.002582 
0.012425 
0.048214 
0.143959 
0.307793 
0.419549 
0.307793 
0.143959 
0.048213 
0.012416 
0.002516 
0.000000 
0.000000 
0.000000 
0.000000 
0.000000 
0.000000 
0.000000 
0.000000 
0.000000 
0.000000 
0.000000 
0.000004 
0.000030 
0.000202 
0.001176 
0.005703 
0.022291 
0.066984 
0.143959 
0.196773 
0.143959 
0.066984 
0.022291 
0.005700 
0.001147 
0.000000 
0.000000 
0.000000 
0.000000 
0.000000 
0.000000 
0.000000 
0.000000 
0.000000 
0.000000 
0.000000 
0.000001 
0.000009 
0.000065 
0.000382 
0.001867 
0.007360 
0.022291 
0.048213 
0.066134 
0.048213 
0.022291 
0.007360 
0.001866 
0.000372 
0.000000 
0.000000 
0.000000 
0.000000 
0.000000 
0.000000 
0.000000 
0.000000 
0.000000 
0.000000 
0.000000 
0.000000 
0.000002 
0.000016 
0.000095 
0.000469 
0.001866 
0.005700 
0.012416 
0.017100 
0.012416 
0.005700 
0.001866 
0.000469 
0.000093 
0.000000 
0.000000 
0.000000 
0.000000 
0.000000 
0.000000 
0.000000 
0.000000 
0.000000 
0.000000 
0.000000 
0.000000 
0.000000 
0.000003 
0.000019 
0.000093 
0.000372 
0.001147 
0.002516 
0.003479 
0.002516 
0.001147 
0.000372 
0.000093 
0.000018 
