25.000000 25.000000 1.000000
0.000024 
0.000197 
0.001179 
0.004760 
0.010302 
0.004760 
0.001179 
0.000197 
0.000025 
0.000002 
0.000000 
0.000000 
0.000000 
0.000000 
0.000000 
0.000000 
0.000000 
0.000000 
0.000000 
0.000000 
0.000000 
0.000000 
0.000000 
0.000000 
0.000000 
0.000197 
0.001572 
0.009326 
0.037305 
0.080089 
0.037305 
0.009326 
0.001572 
0.000199 
0.000020 
0.000002 
0.000000 
0.000000 
0.000000 
0.000000 
0.000000 
0.000000 
0.000000 
0.000000 
0.000000 
0.000000 
0.000000 
0.000000 
0.000000 
0.000000 
0.001179 
0.009326 
0.054792 
0.217108 
0.462322 
0.217108 
0.054792 
0.009326 
0.001189 
0.000121 
0.000010 
0.000001 
0.000000 
0.000000 
0.000000 
0.000000 
0.000000 
0.000000 
0.000000 
0.000000 
0.000000 
0.000000 
0.000000 
0.000000 
0.000000 
0.004760 
0.037305 
0.217108 
0.852368 
1.800999 
0.852369 
0.217108 
0.037308 
0.004802 
0.000492 
0.000042 
0.000003 
0.000000 
0.000000 
0.000000 
0.000000 
0.000000 
0.000000 
0.000000 
0.000000 
0.000000 
0.000000 
0.000000 
0.000000 
0.000000 
0.010302 
0.080089 
0.462322 
1.800999 
3.780746 
1.800999 
0.462323 
0.080095 
0.010393 
0.001073 
0.000092 
0.000007 
0.000000 
0.000000 
0.000000 
0.000000 
0.000000 
0.000000 
0.000000 
0.000000 
0.000000 
0.000000 
0.000000 
0.000000 
0.000000 
0.004760 
0.037305 
0.217108 
0.852369 
1.800999 
0.852369 
0.217108 
0.037308 
0.004802 
0.000492 
0.000042 
0.000003 
0.000000 
0.000000 
0.000000 
0.000000 
0.000000 
0.000000 
0.000000 
0.000000 
0.000000 
0.000000 
0.000000 
0.000000 
0.000000 
0.001179 
0.009326 
0.054792 
0.217108 
0.462323 
0.217108 
0.054792 
0.009326 
0.001189 
0.000121 
0.000010 
0.000001 
0.000000 
0.000000 
0.000000 
0.000000 
0.000000 
0.000000 
0.000000 
0.000000 
0.000000 
0.000000 
0.000000 
0.000000 
0.000000 
0.000197 
0.001572 
0.009326 
0.037308 
0.080095 
0.037308 
0.009326 
0.001572 
0.000199 
0.000020 
0.000002 
0.000000 
0.000000 
0.000000 
0.000000 
0.000000 
0.000000 
0.000000 
0.000000 
0.000000 
0.000000 
0.000000 
0.000000 
0.000000 
0.000000 
0.000025 
0.000199 
0.001189 
0.004802 
0.010393 
0.004802 
0.001189 
0.000199 
0.000025 
0.000002 
0.000000 
0.000000 
0.000000 
0.000000 
0.000000 
0.000000 
0.000000 
0.000000 
0.000000 
0.000000 
0.000000 
0.000000 
0.000000 
0.000000 
0.000000 
0.000002 
0.000020 
0.000121 
0.000492 
0.001073 
0.000492 
0.000121 
0.000020 
0.000002 
0.000000 
0.000000 
0.000000 
0.000000 
0.000000 
0.000000 
0.000000 
0.000000 
0.000000 
0.000000 
0.000000 
0.000000 
0.000000 
0.000000 
0.000000 
0.000000 
0.000000 
0.000002 
0.000010 
0.000042 
0.000092 
0.000042 
0.000010 
0.000002 
0.000000 
0.000000 
0.000000 
0.000000 
0.000000 
0.000000 
0.000000 
0.000000 
0.000000 
0.000000 
0.000000 
0.000000 
0.000000 
0.000000 
0.000000 
0.000000 
0.000000 
0.000000 
0.000000 
0.000001 
0.000003 
0.000007 
0.000003 
0.000001 
0.000000 
0.000000 
0.000000 
0.000000 
0.000000 
0.000000 
0.000000 
0.000000 
0.000000 
0.000000 
0.000000 
0.000000 
0.000001 
0.000000 
0.000000 
0.000000 
0.000000 
0.000000 
0.000000 
0.000000 
0.000000 
0.000000 
0.000000 
0.000000 
0.000000 
0.000000 
0.000000 
0.000000 
0.000000 
0.000000 
0.000000 
0.000000 
0.000000 
0.000000 
0.000000 
0.000002 
0.000004 
0.000007 
0.000004 
0.000002 
0.000000 
0.000000 
0.000000 
0.000000 
0.000000 
0.000000 
0.000000 
0.000000 
0.000000 
0.000000 
0.000000 
0.000000 
0.000000 
0.000000 
0.000000 
0.000000 
0.000000 
0.000000 
0.000001 
0.000004 
0.000013 
0.000035 
0.000056 
0.000035 
0.000013 
0.000004 
0.000001 
0.000000 
0.000000 
0.000000 
0.000000 
0.000000 
0.000000 
0.000000 
0.000000 
0.000000 
0.000000 
0.000000 
0.000000 
0.000000 
0.000000 
0.000000 
0.000001 
0.000005 
0.000026 
0.000097 
0.000260 
0.000418 
0.000260 
0.000097 
0.000026 
0.000005 
0.000001 
0.000000 
0.000000 
0.000000 
0.000000 
0.000000 
0.000000 
0.000000 
0.000000 
0.000000 
0.000000 
0.000000 
0.000000 
0.000000 
0.000001 
0.000005 
0.000032 
0.000156 
0.000600 
0.001643 
0.002678 
0.001643 
0.000600 
0.000156 
0.000032 
0.000005 
0.000000 
0.000000 
0.000000 
0.000000 
0.000000 
0.000000 
0.000000 
0.000000 
0.000000 
0.000000 
0.000000 
0.000000 
0.000000 
0.000004 
0.000026 
0.000156 
0.000784 
0.003071 
0.008572 
0.014191 
0.008572 
0.003071 
0.000784 
0.000156 
0.000025 
0.000000 
0.000000 
0.000000 
0.000000 
0.000000 
0.000000 
0.000000 
0.000000 
0.000000 
0.000000 
0.000000 
0.000000 
0.000002 
0.000013 
0.000097 
0.000600 
0.003071 
0.012282 
0.035004 
0.058900 
0.035004 
0.012282 
0.003071 
0.000600 
0.000095 
0.000000 
0.000000 
0.000000 
0.000000 
0.000000 
0.000000 
0.000000 
0.000000 
0.000000 
0.000000 
0.000000 
0.000000 
0.000004 
0.000035 
0.000260 
0.001643 
0.008572 
0.035004 
0.101808 
0.173909 
0.101808 
0.035004 
0.008572 
0.001643 
0.000256 
0.000000 
0.000000 
0.000000 
0.000000 
0.000000 
0.000000 
0.000000 
0.000000 
0.000000 
0.000000 
0.000000 
0.000001 
0.000007 
0.000056 
0.000418 
0.002678 
0.014191 
0.058900 
0.173909 
0.300289 
0.173909 
0.058900 
0.014191 
0.002677 
0.000412 
0.000000 
0.000000 
0.000000 
0.000000 
0.000000 
0.000000 
0.000000 
0.000000 
0.000000 
0.000000 
0.000000 
0.000000 
0.000004 
0.000035 
0.000260 
0.001643 
0.008572 
0.035004 
0.101808 
0.173909 
0.101808 
0.035004 
0.008572 
0.001643 
0.000256 
0.000000 
0.000000 
0.000000 
0.000000 
0.000000 
0.000000 
0.000000 
0.000000 
0.000000 
0.000000 
0.000000 
0.000000 
0.000002 
0.000013 
0.000097 
0.000600 
0.003071 
0.012282 
0.035004 
0.058900 
0.035004 
0.012282 
0.003071 
0.000600 
0.000095 
0.000000 
0.000000 
0.000000 
0.000000 
0.000000 
0.000000 
0.000000 
0.000000 
0.000000 
0.000000 
0.000000 
0.000000 
0.000000 
0.000004 
0.000026 
0.000156 
0.000784 
0.003071 
0.008572 
0.014191 
0.008572 
0.003071 
0.000784 
0.000156 
0.000025 
0.000000 
0.000000 
0.000000 
0.000000 
0.000000 
0.000000 
0.000000 
0.000000 
0.000000 
0.000000 
0.000000 
0.000000 
0.000000 
0.000001 
0.000005 
0.000032 
0.000156 
0.000600 
0.001643 
0.002677 
0.001643 
0.000600 
0.000156 
0.000032 
0.000005 
0.000000 
0.000000 
0.000000 
0.000000 
0.000000 
0.000000 
0.000000 
0.000000 
0.000000 
0.000000 
0.000000 
0.000000 
0.000000 
0.000000 
0.000001 
0.000005 
0.000025 
0.000095 
0.000256 
0.000412 
0.000256 
0.000095 
0.000025 
0.000005 
0.000001 
