25.000000 25.000000 1.000000
0.000006 
0.000035 
0.000162 
0.000515 
0.000940 
0.000515 
0.000162 
0.000035 
0.000006 
0.000001 
0.000000 
0.000000 
0.000000 
0.000000 
0.000000 
0.000000 
0.000000 
0.000000 
0.000000 
0.000000 
0.000000 
0.000000 
0.000000 
0.000000 
0.000000 
0.000035 
0.000216 
0.000996 
0.003228 
0.005982 
0.003228 
0.000996 
0.000216 
0.000036 
0.000005 
0.000001 
0.000000 
0.000000 
0.000000 
0.000000 
0.000000 
0.000000 
0.000000 
0.000000 
0.000000 
0.000000 
0.000000 
0.000000 
0.000000 
0.000000 
0.000162 
0.000996 
0.004684 
0.015484 
0.029190 
0.015484 
0.004684 
0.000996 
0.000164 
0.000022 
0.000003 
0.000000 
0.000000 
0.000000 
0.000000 
0.000000 
0.000000 
0.000000 
0.000000 
0.000000 
0.000000 
0.000000 
0.000000 
0.000000 
0.000000 
0.000515 
0.003228 
0.015484 
0.052242 
0.100158 
0.052242 
0.015484 
0.003229 
0.000523 
0.000070 
0.000008 
0.000001 
0.000000 
0.000000 
0.000000 
0.000000 
0.000000 
0.000000 
0.000000 
0.000000 
0.000000 
0.000000 
0.000000 
0.000000 
0.000000 
0.000940 
0.005982 
0.029190 
0.100158 
0.194577 
0.100158 
0.029190 
0.005983 
0.000954 
0.000125 
0.000014 
0.000001 
0.000000 
0.000000 
0.000000 
0.000000 
0.000000 
0.000000 
0.000000 
0.000000 
0.000000 
0.000000 
0.000000 
0.000000 
0.000000 
0.000515 
0.003228 
0.015484 
0.052242 
0.100158 
0.052242 
0.015484 
0.003229 
0.000523 
0.000070 
0.000008 
0.000001 
0.000000 
0.000000 
0.000000 
0.000000 
0.000000 
0.000000 
0.000000 
0.000000 
0.000000 
0.000000 
0.000000 
0.000000 
0.000000 
0.000162 
0.000996 
0.004684 
0.015484 
0.029190 
0.015484 
0.004684 
0.000996 
0.000164 
0.000022 
0.000003 
0.000000 
0.000000 
0.000000 
0.000000 
0.000000 
0.000000 
0.000000 
0.000000 
0.000000 
0.000000 
0.000000 
0.000000 
0.000000 
0.000000 
0.000035 
0.000216 
0.000996 
0.003229 
0.005983 
0.003229 
0.000996 
0.000216 
0.000036 
0.000005 
0.000001 
0.000000 
0.000000 
0.000000 
0.000000 
0.000000 
0.000000 
0.000000 
0.000000 
0.000000 
0.000000 
0.000000 
0.000000 
0.000000 
0.000000 
0.000006 
0.000036 
0.000164 
0.000523 
0.000954 
0.000523 
0.000164 
0.000036 
0.000006 
0.000001 
0.000000 
0.000000 
0.000000 
0.000000 
0.000000 
0.000000 
0.000000 
0.000000 
0.000000 
0.000000 
0.000000 
0.000000 
0.000000 
0.000000 
0.000000 
0.000001 
0.000005 
0.000022 
0.000070 
0.000125 
0.000070 
0.000022 
0.000005 
0.000001 
0.000000 
0.000000 
0.000000 
0.000000 
0.000000 
0.000000 
0.000000 
0.000000 
0.000000 
0.000000 
0.000000 
0.000000 
0.000000 
0.000000 
0.000000 
0.000000 
0.000000 
0.000001 
0.000003 
0.000008 
0.000014 
0.000008 
0.000003 
0.000001 
0.000000 
0.000000 
0.000000 
0.000000 
0.000000 
0.000000 
0.000000 
0.000000 
0.000000 
0.000000 
0.000000 
0.000000 
0.000000 
0.000000 
0.000000 
0.000000 
0.000000 
0.000000 
0.000000 
0.000000 
0.000001 
0.000001 
0.000001 
0.000000 
0.000000 
0.000000 
0.000000 
0.000000 
0.000000 
0.000000 
0.000000 
0.000000 
0.000000 
0.000000 
0.000001 
0.000003 
0.000005 
0.000003 
0.000001 
0.000000 
0.000000 
0.000000 
0.000000 
0.000000 
0.000000 
0.000000 
0.000000 
0.000000 
0.000000 
0.000000 
0.000000 
0.000000 
0.000000 
0.000000 
0.000000 
0.000000 
0.000000 
0.000001 
0.000003 
0.000012 
0.000031 
0.000049 
0.000031 
0.000012 
0.000003 
0.000001 
0.000000 
0.000000 
0.000000 
0.000000 
0.000000 
0.000000 
0.000000 
0.000000 
0.000000 
0.000000 
0.000000 
0.000000 
0.000000 
0.000000 
0.000000 
0.000001 
0.000005 
0.000026 
0.000100 
0.000263 
0.000409 
0.000263 
0.000100 
0.000026 
0.000005 
0.000001 
0.000000 
0.000000 
0.000000 
0.000000 
0.000000 
0.000000 
0.000000 
0.000000 
0.000000 
0.000000 
0.000000 
0.000000 
0.000000 
0.000001 
0.000006 
0.000039 
0.000192 
0.000723 
0.001883 
0.002899 
0.001883 
0.000723 
0.000192 
0.000039 
0.000006 
0.000000 
0.000000 
0.000000 
0.000000 
0.000000 
0.000000 
0.000000 
0.000000 
0.000000 
0.000000 
0.000000 
0.000000 
0.000001 
0.000005 
0.000039 
0.000238 
0.001166 
0.004326 
0.011146 
0.017037 
0.011146 
0.004326 
0.001166 
0.000238 
0.000038 
0.000000 
0.000000 
0.000000 
0.000000 
0.000000 
0.000000 
0.000000 
0.000000 
0.000000 
0.000000 
0.000000 
0.000000 
0.000003 
0.000026 
0.000192 
0.001166 
0.005644 
0.020682 
0.052726 
0.080039 
0.052726 
0.020682 
0.005644 
0.001166 
0.000189 
0.000000 
0.000000 
0.000000 
0.000000 
0.000000 
0.000000 
0.000000 
0.000000 
0.000000 
0.000000 
0.000000 
0.000001 
0.000012 
0.000100 
0.000723 
0.004326 
0.020682 
0.074950 
0.189217 
0.285434 
0.189217 
0.074950 
0.020682 
0.004325 
0.000711 
0.000000 
0.000000 
0.000000 
0.000000 
0.000000 
0.000000 
0.000000 
0.000000 
0.000000 
0.000000 
0.000000 
0.000003 
0.000031 
0.000263 
0.001883 
0.011146 
0.052726 
0.189217 
0.473695 
0.710773 
0.473695 
0.189217 
0.052726 
0.011143 
0.001852 
0.000000 
0.000000 
0.000000 
0.000000 
0.000000 
0.000000 
0.000000 
0.000000 
0.000000 
0.000000 
0.000000 
0.000005 
0.000049 
0.000409 
0.002899 
0.017037 
0.080039 
0.285434 
0.710773 
1.063010 
0.710773 
0.285434 
0.080039 
0.017032 
0.002851 
0.000000 
0.000000 
0.000000 
0.000000 
0.000000 
0.000000 
0.000000 
0.000000 
0.000000 
0.000000 
0.000000 
0.000003 
0.000031 
0.000263 
0.001883 
0.011146 
0.052726 
0.189217 
0.473695 
0.710773 
0.473695 
0.189217 
0.052726 
0.011143 
0.001852 
0.000000 
0.000000 
0.000000 
0.000000 
0.000000 
0.000000 
0.000000 
0.000000 
0.000000 
0.000000 
0.000000 
0.000001 
0.000012 
0.000100 
0.000723 
0.004326 
0.020682 
0.074950 
0.189217 
0.285434 
0.189217 
0.074950 
0.020682 
0.004325 
0.000711 
0.000000 
0.000000 
0.000000 
0.000000 
0.000000 
0.000000 
0.000000 
0.000000 
0.000000 
0.000000 
0.000000 
0.000000 
0.000003 
0.000026 
0.000192 
0.001166 
0.005644 
0.020682 
0.052726 
0.080039 
0.052726 
0.020682 
0.005644 
0.001166 
0.000189 
0.000000 
0.000000 
0.000000 
0.000000 
0.000000 
0.000000 
0.000000 
0.000000 
0.000000 
0.000000 
0.000000 
0.000000 
0.000001 
0.000005 
0.000039 
0.000238 
0.001166 
0.004325 
0.011143 
0.017032 
0.011143 
0.004325 
0.001166 
0.000238 
0.000038 
0.000000 
0.000000 
0.000000 
0.000000 
0.000000 
0.000000 
0.000000 
0.000000 
0.000000 
0.000000 
0.000000 
0.000000 
0.000000 
0.000001 
0.000006 
0.000038 
0.000189 
0.000711 
0.001852 
0.002851 
0.001852 
0.000711 
0.000189 
0.000038 
0.000006 
