25.000000 25.000000 1.000000
0.000011 
0.000101 
0.000703 
0.003281 
0.008039 
0.003281 
0.000703 
0.000101 
0.000011 
0.000001 
0.000000 
0.000000 
0.000000 
0.000000 
0.000000 
0.000000 
0.000000 
0.000000 
0.000000 
0.000000 
0.000000 
0.000000 
0.000000 
0.000000 
0.000000 
0.000101 
0.000937 
0.006463 
0.029826 
0.072320 
0.029826 
0.006463 
0.000937 
0.000101 
0.000009 
0.000001 
0.000000 
0.000000 
0.000000 
0.000000 
0.000000 
0.000000 
0.000000 
0.000000 
0.000000 
0.000000 
0.000000 
0.000000 
0.000000 
0.000000 
0.000703 
0.006463 
0.044042 
0.200881 
0.482065 
0.200881 
0.044042 
0.006463 
0.000707 
0.000061 
0.000004 
0.000000 
0.000000 
0.000000 
0.000000 
0.000000 
0.000000 
0.000000 
0.000000 
0.000000 
0.000000 
0.000000 
0.000000 
0.000000 
0.000000 
0.003281 
0.029826 
0.200881 
0.905873 
2.152335 
0.905873 
0.200881 
0.029827 
0.003302 
0.000290 
0.000021 
0.000001 
0.000000 
0.000000 
0.000000 
0.000000 
0.000000 
0.000000 
0.000000 
0.000000 
0.000000 
0.000000 
0.000000 
0.000000 
0.000000 
0.008039 
0.072320 
0.482065 
2.152335 
5.070031 
2.152335 
0.482065 
0.072323 
0.008092 
0.000718 
0.000052 
0.000003 
0.000000 
0.000000 
0.000000 
0.000000 
0.000000 
0.000000 
0.000000 
0.000000 
0.000000 
0.000000 
0.000000 
0.000000 
0.000000 
0.003281 
0.029826 
0.200881 
0.905873 
2.152335 
0.905873 
0.200881 
0.029827 
0.003302 
0.000290 
0.000021 
0.000001 
0.000000 
0.000000 
0.000000 
0.000000 
0.000000 
0.000000 
0.000000 
0.000000 
0.000000 
0.000000 
0.000000 
0.000000 
0.000000 
0.000703 
0.006463 
0.044042 
0.200881 
0.482065 
0.200881 
0.044042 
0.006463 
0.000707 
0.000061 
0.000004 
0.000000 
0.000000 
0.000000 
0.000000 
0.000000 
0.000000 
0.000000 
0.000000 
0.000000 
0.000000 
0.000000 
0.000000 
0.000000 
0.000000 
0.000101 
0.000937 
0.006463 
0.029827 
0.072323 
0.029827 
0.006463 
0.000937 
0.000101 
0.000009 
0.000001 
0.000000 
0.000000 
0.000000 
0.000000 
0.000000 
0.000000 
0.000000 
0.000000 
0.000000 
0.000000 
0.000000 
0.000000 
0.000000 
0.000000 
0.000011 
0.000101 
0.000707 
0.003302 
0.008092 
0.003302 
0.000707 
0.000101 
0.000011 
0.000001 
0.000000 
0.000000 
0.000000 
0.000000 
0.000000 
0.000000 
0.000000 
0.000000 
0.000000 
0.000000 
0.000000 
0.000000 
0.000000 
0.000000 
0.000000 
0.000001 
0.000009 
0.000061 
0.000290 
0.000718 
0.000290 
0.000061 
0.000009 
0.000001 
0.000000 
0.000000 
0.000000 
0.000000 
0.000000 
0.000000 
0.000000 
0.000000 
0.000000 
0.000000 
0.000000 
0.000000 
0.000000 
0.000000 
0.000000 
0.000000 
0.000000 
0.000001 
0.000004 
0.000021 
0.000052 
0.000021 
0.000004 
0.000001 
0.000000 
0.000000 
0.000000 
0.000000 
0.000000 
0.000000 
0.000000 
0.000000 
0.000000 
0.000000 
0.000000 
0.000000 
0.000000 
0.000000 
0.000000 
0.000000 
0.000000 
0.000000 
0.000000 
0.000000 
0.000001 
0.000003 
0.000001 
0.000000 
0.000000 
0.000000 
0.000000 
0.000000 
0.000000 
0.000000 
0.000000 
0.000000 
0.000000 
0.000000 
0.000000 
0.000000 
0.000000 
0.000000 
0.000000 
0.000000 
0.000000 
0.000000 
0.000000 
0.000000 
0.000000 
0.000000 
0.000000 
0.000000 
0.000000 
0.000000 
0.000000 
0.000000 
0.000000 
0.000000 
0.000000 
0.000000 
0.000000 
0.000000 
0.000000 
0.000001 
0.000002 
0.000003 
0.000002 
0.000001 
0.000000 
0.000000 
0.000000 
0.000000 
0.000000 
0.000000 
0.000000 
0.000000 
0.000000 
0.000000 
0.000000 
0.000000 
0.000000 
0.000000 
0.000000 
0.000000 
0.000000 
0.000000 
0.000000 
0.000001 
0.000006 
0.000019 
0.000033 
0.000019 
0.000006 
0.000001 
0.000000 
0.000000 
0.000000 
0.000000 
0.000000 
0.000000 
0.000000 
0.000000 
0.000000 
0.000000 
0.000000 
0.000000 
0.000000 
0.000000 
0.000000 
0.000000 
0.000000 
0.000002 
0.000012 
0.000053 
0.000161 
0.000282 
0.000161 
0.000053 
0.000012 
0.000002 
0.000000 
0.000000 
0.000000 
0.000000 
0.000000 
0.000000 
0.000000 
0.000000 
0.000000 
0.000000 
0.000000 
0.000000 
0.000000 
0.000000 
0.000000 
0.000002 
0.000015 
0.000086 
0.000378 
0.001163 
0.002067 
0.001163 
0.000378 
0.000086 
0.000015 
0.000002 
0.000000 
0.000000 
0.000000 
0.000000 
0.000000 
0.000000 
0.000000 
0.000000 
0.000000 
0.000000 
0.000000 
0.000000 
0.000000 
0.000001 
0.000012 
0.000086 
0.000495 
0.002207 
0.006918 
0.012494 
0.006918 
0.002207 
0.000495 
0.000086 
0.000012 
0.000000 
0.000000 
0.000000 
0.000000 
0.000000 
0.000000 
0.000000 
0.000000 
0.000000 
0.000000 
0.000000 
0.000000 
0.000001 
0.000006 
0.000053 
0.000378 
0.002207 
0.010012 
0.032025 
0.058833 
0.032025 
0.010012 
0.002207 
0.000378 
0.000052 
0.000000 
0.000000 
0.000000 
0.000000 
0.000000 
0.000000 
0.000000 
0.000000 
0.000000 
0.000000 
0.000000 
0.000000 
0.000002 
0.000019 
0.000161 
0.001163 
0.006918 
0.032025 
0.104561 
0.195293 
0.104561 
0.032025 
0.006918 
0.001163 
0.000159 
0.000000 
0.000000 
0.000000 
0.000000 
0.000000 
0.000000 
0.000000 
0.000000 
0.000000 
0.000000 
0.000000 
0.000000 
0.000003 
0.000033 
0.000282 
0.002067 
0.012494 
0.058833 
0.195293 
0.369437 
0.195293 
0.058833 
0.012494 
0.002067 
0.000278 
0.000000 
0.000000 
0.000000 
0.000000 
0.000000 
0.000000 
0.000000 
0.000000 
0.000000 
0.000000 
0.000000 
0.000000 
0.000002 
0.000019 
0.000161 
0.001163 
0.006918 
0.032025 
0.104561 
0.195293 
0.104561 
0.032025 
0.006918 
0.001163 
0.000159 
0.000000 
0.000000 
0.000000 
0.000000 
0.000000 
0.000000 
0.000000 
0.000000 
0.000000 
0.000000 
0.000000 
0.000000 
0.000001 
0.000006 
0.000053 
0.000378 
0.002207 
0.010012 
0.032025 
0.058833 
0.032025 
0.010012 
0.002207 
0.000378 
0.000052 
0.000000 
0.000000 
0.000000 
0.000000 
0.000000 
0.000000 
0.000000 
0.000000 
0.000000 
0.000000 
0.000000 
0.000000 
0.000000 
0.000001 
0.000012 
0.000086 
0.000495 
0.002207 
0.006918 
0.012494 
0.006918 
0.002207 
0.000495 
0.000086 
0.000012 
0.000000 
0.000000 
0.000000 
0.000000 
0.000000 
0.000000 
0.000000 
0.000000 
0.000000 
0.000000 
0.000000 
0.000000 
0.000000 
0.000000 
0.000002 
0.000015 
0.000086 
0.000378 
0.001163 
0.002067 
0.001163 
0.000378 
0.000086 
0.000015 
0.000002 
0.000000 
0.000000 
0.000000 
0.000000 
0.000000 
0.000000 
0.000000 
0.000000 
0.000000 
0.000000 
0.000000 
0.000000 
0.000000 
0.000000 
0.000000 
0.000002 
0.000012 
0.000052 
0.000159 
0.000278 
0.000159 
0.000052 
0.000012 
0.000002 
0.000000 
