25.000000 25.000000 1.000000
0.000002 
0.000012 
0.000066 
0.000260 
0.000558 
0.000260 
0.000066 
0.000012 
0.000002 
0.000000 
0.000000 
0.000000 
0.000000 
0.000000 
0.000000 
0.000000 
0.000000 
0.000000 
0.000000 
0.000000 
0.000000 
0.000000 
0.000000 
0.000000 
0.000000 
0.000012 
0.000088 
0.000508 
0.002012 
0.004386 
0.002012 
0.000508 
0.000088 
0.000012 
0.000001 
0.000000 
0.000000 
0.000000 
0.000000 
0.000000 
0.000000 
0.000000 
0.000000 
0.000000 
0.000000 
0.000000 
0.000000 
0.000000 
0.000000 
0.000000 
0.000066 
0.000508 
0.002953 
0.011899 
0.026362 
0.011899 
0.002953 
0.000508 
0.000067 
0.000007 
0.000001 
0.000000 
0.000000 
0.000000 
0.000000 
0.000000 
0.000000 
0.000000 
0.000000 
0.000000 
0.000000 
0.000000 
0.000000 
0.000000 
0.000000 
0.000260 
0.002012 
0.011899 
0.048831 
0.110058 
0.048831 
0.011899 
0.002013 
0.000262 
0.000028 
0.000002 
0.000000 
0.000000 
0.000000 
0.000000 
0.000000 
0.000000 
0.000000 
0.000000 
0.000000 
0.000000 
0.000000 
0.000000 
0.000000 
0.000000 
0.000558 
0.004386 
0.026362 
0.110058 
0.251796 
0.110058 
0.026362 
0.004387 
0.000563 
0.000059 
0.000005 
0.000000 
0.000000 
0.000000 
0.000000 
0.000000 
0.000000 
0.000000 
0.000000 
0.000000 
0.000000 
0.000000 
0.000000 
0.000000 
0.000000 
0.000260 
0.002012 
0.011899 
0.048831 
0.110058 
0.048831 
0.011899 
0.002013 
0.000262 
0.000028 
0.000002 
0.000000 
0.000000 
0.000000 
0.000000 
0.000000 
0.000000 
0.000000 
0.000000 
0.000000 
0.000000 
0.000000 
0.000000 
0.000000 
0.000000 
0.000066 
0.000508 
0.002953 
0.011899 
0.026362 
0.011899 
0.002953 
0.000508 
0.000067 
0.000007 
0.000001 
0.000000 
0.000000 
0.000000 
0.000000 
0.000000 
0.000000 
0.000000 
0.000000 
0.000000 
0.000000 
0.000000 
0.000000 
0.000000 
0.000000 
0.000012 
0.000088 
0.000508 
0.002013 
0.004387 
0.002013 
0.000508 
0.000088 
0.000012 
0.000001 
0.000000 
0.000000 
0.000000 
0.000000 
0.000000 
0.000000 
0.000000 
0.000000 
0.000000 
0.000000 
0.000000 
0.000000 
0.000000 
0.000000 
0.000000 
0.000002 
0.000012 
0.000067 
0.000262 
0.000563 
0.000262 
0.000067 
0.000012 
0.000002 
0.000000 
0.000000 
0.000000 
0.000000 
0.000000 
0.000000 
0.000000 
0.000000 
0.000000 
0.000000 
0.000000 
0.000000 
0.000000 
0.000000 
0.000000 
0.000000 
0.000000 
0.000001 
0.000007 
0.000028 
0.000059 
0.000028 
0.000007 
0.000001 
0.000000 
0.000000 
0.000000 
0.000000 
0.000000 
0.000000 
0.000000 
0.000000 
0.000000 
0.000000 
0.000000 
0.000000 
0.000000 
0.000000 
0.000000 
0.000000 
0.000000 
0.000000 
0.000000 
0.000001 
0.000002 
0.000005 
0.000002 
0.000001 
0.000000 
0.000000 
0.000000 
0.000000 
0.000000 
0.000000 
0.000000 
0.000000 
0.000000 
0.000000 
0.000000 
0.000000 
0.000000 
0.000000 
0.000000 
0.000000 
0.000000 
0.000000 
0.000000 
0.000000 
0.000000 
0.000000 
0.000000 
0.000000 
0.000000 
0.000000 
0.000000 
0.000000 
0.000000 
0.000000 
0.000000 
0.000000 
0.000000 
0.000000 
0.000000 
0.000000 
0.000001 
0.000002 
0.000001 
0.000000 
0.000000 
0.000000 
0.000000 
0.000000 
0.000000 
0.000000 
0.000000 
0.000000 
0.000000 
0.000000 
0.000000 
0.000000 
0.000000 
0.000000 
0.000000 
0.000000 
0.000000 
0.000000 
0.000000 
0.000001 
0.000003 
0.000011 
0.000021 
0.000011 
0.000003 
0.000001 
0.000000 
0.000000 
0.000000 
0.000000 
0.000000 
0.000000 
0.000000 
0.000000 
0.000000 
0.000000 
0.000000 
0.000000 
0.000000 
0.000000 
0.000000 
0.000000 
0.000000 
0.000001 
0.000008 
0.000037 
0.000121 
0.000220 
0.000121 
0.000037 
0.000008 
0.000001 
0.000000 
0.000000 
0.000000 
0.000000 
0.000000 
0.000000 
0.000000 
0.000000 
0.000000 
0.000000 
0.000000 
0.000000 
0.000000 
0.000000 
0.000000 
0.000001 
0.000011 
0.000073 
0.000345 
0.001108 
0.001983 
0.001108 
0.000345 
0.000073 
0.000011 
0.000001 
0.000000 
0.000000 
0.000000 
0.000000 
0.000000 
0.000000 
0.000000 
0.000000 
0.000000 
0.000000 
0.000000 
0.000000 
0.000000 
0.000001 
0.000011 
0.000090 
0.000563 
0.002626 
0.008315 
0.014704 
0.008315 
0.002626 
0.000563 
0.000090 
0.000011 
0.000000 
0.000000 
0.000000 
0.000000 
0.000000 
0.000000 
0.000000 
0.000000 
0.000000 
0.000000 
0.000000 
0.000000 
0.000001 
0.000008 
0.000073 
0.000563 
0.003454 
0.015849 
0.049420 
0.086412 
0.049420 
0.015849 
0.003454 
0.000563 
0.000072 
0.000000 
0.000000 
0.000000 
0.000000 
0.000000 
0.000000 
0.000000 
0.000000 
0.000000 
0.000000 
0.000000 
0.000000 
0.000003 
0.000037 
0.000345 
0.002626 
0.015849 
0.071575 
0.220003 
0.380639 
0.220003 
0.071575 
0.015849 
0.002626 
0.000341 
0.000000 
0.000000 
0.000000 
0.000000 
0.000000 
0.000000 
0.000000 
0.000000 
0.000000 
0.000000 
0.000000 
0.000001 
0.000011 
0.000121 
0.001108 
0.008315 
0.049420 
0.220003 
0.667548 
1.144193 
0.667548 
0.220003 
0.049420 
0.008314 
0.001097 
0.000000 
0.000000 
0.000000 
0.000000 
0.000000 
0.000000 
0.000000 
0.000000 
0.000000 
0.000000 
0.000000 
0.000002 
0.000021 
0.000220 
0.001983 
0.014704 
0.086412 
0.380639 
1.144193 
1.948144 
1.144193 
0.380639 
0.086411 
0.014703 
0.001963 
0.000000 
0.000000 
0.000000 
0.000000 
0.000000 
0.000000 
0.000000 
0.000000 
0.000000 
0.000000 
0.000000 
0.000001 
0.000011 
0.000121 
0.001108 
0.008315 
0.049420 
0.220003 
0.667548 
1.144193 
0.667548 
0.220003 
0.049420 
0.008314 
0.001097 
0.000000 
0.000000 
0.000000 
0.000000 
0.000000 
0.000000 
0.000000 
0.000000 
0.000000 
0.000000 
0.000000 
0.000000 
0.000003 
0.000037 
0.000345 
0.002626 
0.015849 
0.071575 
0.220003 
0.380639 
0.220003 
0.071575 
0.015849 
0.002626 
0.000341 
0.000000 
0.000000 
0.000000 
0.000000 
0.000000 
0.000000 
0.000000 
0.000000 
0.000000 
0.000000 
0.000000 
0.000000 
0.000001 
0.000008 
0.000073 
0.000563 
0.003454 
0.015849 
0.049420 
0.086411 
0.049420 
0.015849 
0.003454 
0.000563 
0.000072 
0.000000 
0.000000 
0.000000 
0.000000 
0.000000 
0.000000 
0.000000 
0.000000 
0.000000 
0.000000 
0.000000 
0.000000 
0.000000 
0.000001 
0.000011 
0.000090 
0.000563 
0.002626 
0.008314 
0.014703 
0.008314 
0.002626 
0.000563 
0.000090 
0.000011 
0.000000 
0.000000 
0.000000 
0.000000 
0.000000 
0.000000 
0.000000 
0.000000 
0.000000 
0.000000 
0.000000 
0.000000 
0.000000 
0.000000 
0.000001 
0.000011 
0.000072 
0.000341 
0.001097 
0.001963 
0.001097 
0.000341 
0.000072 
0.000011 
0.000001 
