25.000000 25.000000 1.000000
0.000017 
0.000144 
0.000926 
0.004005 
0.009191 
0.004005 
0.000926 
0.000144 
0.000017 
0.000002 
0.000000 
0.000000 
0.000000 
0.000000 
0.000000 
0.000000 
0.000000 
0.000000 
0.000000 
0.000000 
0.000000 
0.000000 
0.000000 
0.000000 
0.000000 
0.000144 
0.001234 
0.007868 
0.033698 
0.076634 
0.033698 
0.007868 
0.001234 
0.000145 
0.000014 
0.000001 
0.000000 
0.000000 
0.000000 
0.000000 
0.000000 
0.000000 
0.000000 
0.000000 
0.000000 
0.000000 
0.000000 
0.000000 
0.000000 
0.000000 
0.000926 
0.007868 
0.049632 
0.210347 
0.473990 
0.210347 
0.049632 
0.007868 
0.000932 
0.000088 
0.000007 
0.000000 
0.000000 
0.000000 
0.000000 
0.000000 
0.000000 
0.000000 
0.000000 
0.000000 
0.000000 
0.000000 
0.000000 
0.000000 
0.000000 
0.004005 
0.033698 
0.210347 
0.882418 
1.971007 
0.882418 
0.210347 
0.033700 
0.004035 
0.000384 
0.000030 
0.000002 
0.000000 
0.000000 
0.000000 
0.000000 
0.000000 
0.000000 
0.000000 
0.000000 
0.000000 
0.000000 
0.000000 
0.000000 
0.000000 
0.009191 
0.076634 
0.473990 
1.971007 
4.369742 
1.971007 
0.473990 
0.076639 
0.009262 
0.000889 
0.000070 
0.000005 
0.000000 
0.000000 
0.000000 
0.000000 
0.000000 
0.000000 
0.000000 
0.000000 
0.000000 
0.000000 
0.000000 
0.000000 
0.000000 
0.004005 
0.033698 
0.210347 
0.882418 
1.971007 
0.882418 
0.210347 
0.033700 
0.004035 
0.000384 
0.000030 
0.000002 
0.000000 
0.000000 
0.000000 
0.000000 
0.000000 
0.000000 
0.000000 
0.000000 
0.000000 
0.000000 
0.000000 
0.000000 
0.000000 
0.000926 
0.007868 
0.049632 
0.210347 
0.473990 
0.210347 
0.049632 
0.007868 
0.000932 
0.000088 
0.000007 
0.000000 
0.000000 
0.000000 
0.000000 
0.000000 
0.000000 
0.000000 
0.000000 
0.000000 
0.000000 
0.000000 
0.000000 
0.000000 
0.000000 
0.000144 
0.001234 
0.007868 
0.033700 
0.076639 
0.033700 
0.007868 
0.001234 
0.000145 
0.000014 
0.000001 
0.000000 
0.000000 
0.000000 
0.000000 
0.000000 
0.000000 
0.000000 
0.000000 
0.000000 
0.000000 
0.000000 
0.000000 
0.000000 
0.000000 
0.000017 
0.000145 
0.000932 
0.004035 
0.009262 
0.004035 
0.000932 
0.000145 
0.000017 
0.000002 
0.000000 
0.000000 
0.000000 
0.000000 
0.000000 
0.000000 
0.000000 
0.000000 
0.000000 
0.000000 
0.000000 
0.000000 
0.000000 
0.000000 
0.000000 
0.000002 
0.000014 
0.000088 
0.000384 
0.000889 
0.000384 
0.000088 
0.000014 
0.000002 
0.000000 
0.000000 
0.000000 
0.000000 
0.000000 
0.000000 
0.000000 
0.000000 
0.000000 
0.000000 
0.000000 
0.000000 
0.000000 
0.000000 
0.000000 
0.000000 
0.000000 
0.000001 
0.000007 
0.000030 
0.000070 
0.000030 
0.000007 
0.000001 
0.000000 
0.000000 
0.000000 
0.000000 
0.000000 
0.000000 
0.000000 
0.000000 
0.000000 
0.000000 
0.000000 
0.000000 
0.000000 
0.000000 
0.000000 
0.000000 
0.000000 
0.000000 
0.000000 
0.000000 
0.000002 
0.000005 
0.000002 
0.000000 
0.000000 
0.000000 
0.000000 
0.000000 
0.000000 
0.000000 
0.000000 
0.000000 
0.000000 
0.000000 
0.000000 
0.000000 
0.000000 
0.000000 
0.000000 
0.000000 
0.000000 
0.000000 
0.000000 
0.000000 
0.000000 
0.000000 
0.000000 
0.000000 
0.000000 
0.000000 
0.000000 
0.000000 
0.000000 
0.000000 
0.000000 
0.000000 
0.000000 
0.000000 
0.000000 
0.000001 
0.000003 
0.000005 
0.000003 
0.000001 
0.000000 
0.000000 
0.000000 
0.000000 
0.000000 
0.000000 
0.000000 
0.000000 
0.000000 
0.000000 
0.000000 
0.000000 
0.000000 
0.000000 
0.000000 
0.000000 
0.000000 
0.000000 
0.000000 
0.000002 
0.000009 
0.000026 
0.000044 
0.000026 
0.000009 
0.000002 
0.000000 
0.000000 
0.000000 
0.000000 
0.000000 
0.000000 
0.000000 
0.000000 
0.000000 
0.000000 
0.000000 
0.000000 
0.000000 
0.000000 
0.000000 
0.000000 
0.000001 
0.000003 
0.000018 
0.000073 
0.000208 
0.000348 
0.000208 
0.000073 
0.000018 
0.000003 
0.000001 
0.000000 
0.000000 
0.000000 
0.000000 
0.000000 
0.000000 
0.000000 
0.000000 
0.000000 
0.000000 
0.000000 
0.000000 
0.000000 
0.000000 
0.000003 
0.000022 
0.000118 
0.000485 
0.001402 
0.002379 
0.001402 
0.000485 
0.000118 
0.000022 
0.000003 
0.000000 
0.000000 
0.000000 
0.000000 
0.000000 
0.000000 
0.000000 
0.000000 
0.000000 
0.000000 
0.000000 
0.000000 
0.000000 
0.000002 
0.000018 
0.000118 
0.000634 
0.002641 
0.007787 
0.013426 
0.007787 
0.002641 
0.000634 
0.000118 
0.000018 
0.000000 
0.000000 
0.000000 
0.000000 
0.000000 
0.000000 
0.000000 
0.000000 
0.000000 
0.000000 
0.000000 
0.000000 
0.000001 
0.000009 
0.000073 
0.000485 
0.002641 
0.011214 
0.033758 
0.059185 
0.033758 
0.011214 
0.002641 
0.000484 
0.000072 
0.000000 
0.000000 
0.000000 
0.000000 
0.000000 
0.000000 
0.000000 
0.000000 
0.000000 
0.000000 
0.000000 
0.000000 
0.000003 
0.000026 
0.000208 
0.001402 
0.007787 
0.033758 
0.103728 
0.184762 
0.103728 
0.033758 
0.007787 
0.001402 
0.000205 
0.000000 
0.000000 
0.000000 
0.000000 
0.000000 
0.000000 
0.000000 
0.000000 
0.000000 
0.000000 
0.000000 
0.000000 
0.000005 
0.000044 
0.000348 
0.002379 
0.013426 
0.059185 
0.184762 
0.332995 
0.184762 
0.059185 
0.013426 
0.002379 
0.000343 
0.000000 
0.000000 
0.000000 
0.000000 
0.000000 
0.000000 
0.000000 
0.000000 
0.000000 
0.000000 
0.000000 
0.000000 
0.000003 
0.000026 
0.000208 
0.001402 
0.007787 
0.033758 
0.103728 
0.184762 
0.103728 
0.033758 
0.007787 
0.001402 
0.000205 
0.000000 
0.000000 
0.000000 
0.000000 
0.000000 
0.000000 
0.000000 
0.000000 
0.000000 
0.000000 
0.000000 
0.000000 
0.000001 
0.000009 
0.000073 
0.000485 
0.002641 
0.011214 
0.033758 
0.059185 
0.033758 
0.011214 
0.002641 
0.000484 
0.000072 
0.000000 
0.000000 
0.000000 
0.000000 
0.000000 
0.000000 
0.000000 
0.000000 
0.000000 
0.000000 
0.000000 
0.000000 
0.000000 
0.000002 
0.000018 
0.000118 
0.000634 
0.002641 
0.007787 
0.013426 
0.007787 
0.002641 
0.000634 
0.000118 
0.000018 
0.000000 
0.000000 
0.000000 
0.000000 
0.000000 
0.000000 
0.000000 
0.000000 
0.000000 
0.000000 
0.000000 
0.000000 
0.000000 
0.000000 
0.000003 
0.000022 
0.000118 
0.000484 
0.001402 
0.002379 
0.001402 
0.000484 
0.000118 
0.000022 
0.000003 
0.000000 
0.000000 
0.000000 
0.000000 
0.000000 
0.000000 
0.000000 
0.000000 
0.000000 
0.000000 
0.000000 
0.000000 
0.000000 
0.000000 
0.000001 
0.000003 
0.000018 
0.000072 
0.000205 
0.000343 
0.000205 
0.000072 
0.000018 
0.000003 
0.000001 
