25.000000 25.000000 1.000000
0.000039 
0.000285 
0.001559 
0.005787 
0.011687 
0.005787 
0.001559 
0.000285 
0.000039 
0.000004 
0.000000 
0.000000 
0.000000 
0.000000 
0.000000 
0.000000 
0.000000 
0.000000 
0.000000 
0.000000 
0.000000 
0.000000 
0.000000 
0.000000 
0.000000 
0.000285 
0.002079 
0.011295 
0.041596 
0.083424 
0.041596 
0.011295 
0.002079 
0.000288 
0.000032 
0.000003 
0.000000 
0.000000 
0.000000 
0.000000 
0.000000 
0.000000 
0.000000 
0.000000 
0.000000 
0.000000 
0.000000 
0.000000 
0.000000 
0.000000 
0.001559 
0.011295 
0.060857 
0.222262 
0.442665 
0.222262 
0.060857 
0.011296 
0.001575 
0.000175 
0.000016 
0.000001 
0.000000 
0.000000 
0.000000 
0.000000 
0.000000 
0.000000 
0.000000 
0.000000 
0.000000 
0.000000 
0.000000 
0.000000 
0.000000 
0.005787 
0.041596 
0.222262 
0.805218 
1.593069 
0.805218 
0.222262 
0.041600 
0.005848 
0.000655 
0.000061 
0.000005 
0.000000 
0.000000 
0.000000 
0.000000 
0.000000 
0.000000 
0.000000 
0.000000 
0.000000 
0.000000 
0.000000 
0.000000 
0.000000 
0.011687 
0.083424 
0.442665 
1.593069 
3.134793 
1.593070 
0.442666 
0.083434 
0.011811 
0.001333 
0.000125 
0.000010 
0.000001 
0.000000 
0.000000 
0.000000 
0.000000 
0.000000 
0.000000 
0.000000 
0.000000 
0.000000 
0.000000 
0.000000 
0.000000 
0.005787 
0.041596 
0.222262 
0.805218 
1.593070 
0.805218 
0.222262 
0.041600 
0.005848 
0.000655 
0.000061 
0.000005 
0.000000 
0.000000 
0.000000 
0.000000 
0.000000 
0.000000 
0.000000 
0.000000 
0.000000 
0.000000 
0.000000 
0.000000 
0.000000 
0.001559 
0.011295 
0.060857 
0.222262 
0.442666 
0.222262 
0.060857 
0.011296 
0.001575 
0.000175 
0.000016 
0.000001 
0.000000 
0.000000 
0.000000 
0.000000 
0.000000 
0.000000 
0.000000 
0.000000 
0.000000 
0.000000 
0.000000 
0.000000 
0.000000 
0.000285 
0.002079 
0.011296 
0.041600 
0.083434 
0.041600 
0.011296 
0.002079 
0.000288 
0.000032 
0.000003 
0.000000 
0.000000 
0.000000 
0.000000 
0.000000 
0.000000 
0.000000 
0.000000 
0.000000 
0.000000 
0.000000 
0.000000 
0.000000 
0.000000 
0.000039 
0.000288 
0.001575 
0.005848 
0.011811 
0.005848 
0.001575 
0.000288 
0.000040 
0.000004 
0.000000 
0.000000 
0.000000 
0.000000 
0.000000 
0.000000 
0.000000 
0.000000 
0.000000 
0.000000 
0.000000 
0.000000 
0.000000 
0.000000 
0.000000 
0.000004 
0.000032 
0.000175 
0.000655 
0.001333 
0.000655 
0.000175 
0.000032 
0.000004 
0.000000 
0.000000 
0.000000 
0.000000 
0.000000 
0.000000 
0.000000 
0.000000 
0.000000 
0.000000 
0.000000 
0.000000 
0.000000 
0.000000 
0.000000 
0.000000 
0.000000 
0.000003 
0.000016 
0.000061 
0.000125 
0.000061 
0.000016 
0.000003 
0.000000 
0.000000 
0.000000 
0.000000 
0.000000 
0.000000 
0.000000 
0.000000 
0.000000 
0.000000 
0.000000 
0.000000 
0.000000 
0.000000 
0.000000 
0.000000 
0.000000 
0.000000 
0.000000 
0.000001 
0.000005 
0.000010 
0.000005 
0.000001 
0.000000 
0.000000 
0.000000 
0.000000 
0.000000 
0.000000 
0.000000 
0.000000 
0.000000 
0.000000 
0.000000 
0.000001 
0.000001 
0.000001 
0.000000 
0.000000 
0.000000 
0.000000 
0.000000 
0.000000 
0.000000 
0.000000 
0.000001 
0.000000 
0.000000 
0.000000 
0.000000 
0.000000 
0.000000 
0.000000 
0.000000 
0.000000 
0.000000 
0.000000 
0.000001 
0.000003 
0.000006 
0.000010 
0.000006 
0.000003 
0.000001 
0.000000 
0.000000 
0.000000 
0.000000 
0.000000 
0.000000 
0.000000 
0.000000 
0.000000 
0.000000 
0.000000 
0.000000 
0.000000 
0.000000 
0.000000 
0.000000 
0.000000 
0.000001 
0.000006 
0.000020 
0.000049 
0.000075 
0.000049 
0.000020 
0.000006 
0.000001 
0.000000 
0.000000 
0.000000 
0.000000 
0.000000 
0.000000 
0.000000 
0.000000 
0.000000 
0.000000 
0.000000 
0.000000 
0.000000 
0.000000 
0.000000 
0.000002 
0.000008 
0.000038 
0.000133 
0.000335 
0.000515 
0.000335 
0.000133 
0.000038 
0.000008 
0.000001 
0.000000 
0.000000 
0.000000 
0.000000 
0.000000 
0.000000 
0.000000 
0.000000 
0.000000 
0.000000 
0.000000 
0.000000 
0.000000 
0.000001 
0.000008 
0.000047 
0.000214 
0.000763 
0.001957 
0.003046 
0.001957 
0.000763 
0.000214 
0.000047 
0.000008 
0.000000 
0.000000 
0.000000 
0.000000 
0.000000 
0.000000 
0.000000 
0.000000 
0.000000 
0.000000 
0.000000 
0.000000 
0.000001 
0.000006 
0.000038 
0.000214 
0.000994 
0.003620 
0.009465 
0.014958 
0.009465 
0.003620 
0.000994 
0.000214 
0.000037 
0.000000 
0.000000 
0.000000 
0.000000 
0.000000 
0.000000 
0.000000 
0.000000 
0.000000 
0.000000 
0.000000 
0.000000 
0.000003 
0.000020 
0.000133 
0.000763 
0.003620 
0.013471 
0.035972 
0.057727 
0.035972 
0.013471 
0.003620 
0.000763 
0.000131 
0.000000 
0.000000 
0.000000 
0.000000 
0.000000 
0.000000 
0.000000 
0.000000 
0.000000 
0.000000 
0.000000 
0.000001 
0.000006 
0.000049 
0.000335 
0.001957 
0.009465 
0.035972 
0.097978 
0.159436 
0.097978 
0.035972 
0.009465 
0.001956 
0.000329 
0.000000 
0.000000 
0.000000 
0.000000 
0.000000 
0.000000 
0.000000 
0.000000 
0.000000 
0.000000 
0.000000 
0.000001 
0.000010 
0.000075 
0.000515 
0.003046 
0.014958 
0.057727 
0.159436 
0.261914 
0.159436 
0.057727 
0.014958 
0.003045 
0.000505 
0.000000 
0.000000 
0.000000 
0.000000 
0.000000 
0.000000 
0.000000 
0.000000 
0.000000 
0.000000 
0.000000 
0.000001 
0.000006 
0.000049 
0.000335 
0.001957 
0.009465 
0.035972 
0.097978 
0.159436 
0.097978 
0.035972 
0.009465 
0.001956 
0.000329 
0.000000 
0.000000 
0.000000 
0.000000 
0.000000 
0.000000 
0.000000 
0.000000 
0.000000 
0.000000 
0.000000 
0.000000 
0.000003 
0.000020 
0.000133 
0.000763 
0.003620 
0.013471 
0.035972 
0.057727 
0.035972 
0.013471 
0.003620 
0.000763 
0.000131 
0.000000 
0.000000 
0.000000 
0.000000 
0.000000 
0.000000 
0.000000 
0.000000 
0.000000 
0.000000 
0.000000 
0.000000 
0.000001 
0.000006 
0.000038 
0.000214 
0.000994 
0.003620 
0.009465 
0.014958 
0.009465 
0.003620 
0.000994 
0.000214 
0.000037 
0.000000 
0.000000 
0.000000 
0.000000 
0.000000 
0.000000 
0.000000 
0.000000 
0.000000 
0.000000 
0.000000 
0.000000 
0.000000 
0.000001 
0.000008 
0.000047 
0.000214 
0.000763 
0.001956 
0.003045 
0.001956 
0.000763 
0.000214 
0.000047 
0.000008 
0.000000 
0.000000 
0.000000 
0.000000 
0.000000 
0.000000 
0.000000 
0.000000 
0.000000 
0.000000 
0.000000 
0.000000 
0.000000 
0.000000 
0.000001 
0.000008 
0.000037 
0.000131 
0.000329 
0.000505 
0.000329 
0.000131 
0.000037 
0.000008 
0.000001 
