25.000000 25.000000 1.000000
0.000037 
0.000273 
0.001509 
0.005659 
0.011521 
0.005659 
0.001509 
0.000273 
0.000037 
0.000004 
0.000000 
0.000000 
0.000000 
0.000000 
0.000000 
0.000000 
0.000000 
0.000000 
0.000000 
0.000000 
0.000000 
0.000000 
0.000000 
0.000000 
0.000000 
0.000273 
0.002012 
0.011049 
0.041095 
0.083083 
0.041095 
0.011049 
0.002012 
0.000275 
0.000030 
0.000003 
0.000000 
0.000000 
0.000000 
0.000000 
0.000000 
0.000000 
0.000000 
0.000000 
0.000000 
0.000000 
0.000000 
0.000000 
0.000000 
0.000000 
0.001509 
0.011049 
0.060154 
0.221842 
0.445326 
0.221842 
0.060154 
0.011050 
0.001524 
0.000168 
0.000015 
0.000001 
0.000000 
0.000000 
0.000000 
0.000000 
0.000000 
0.000000 
0.000000 
0.000000 
0.000000 
0.000000 
0.000000 
0.000000 
0.000000 
0.005659 
0.041095 
0.221842 
0.811443 
1.617877 
0.811443 
0.221843 
0.041099 
0.005717 
0.000634 
0.000058 
0.000005 
0.000000 
0.000000 
0.000000 
0.000000 
0.000000 
0.000000 
0.000000 
0.000000 
0.000000 
0.000000 
0.000000 
0.000000 
0.000000 
0.011521 
0.083083 
0.445326 
1.617877 
3.207977 
1.617877 
0.445326 
0.083092 
0.011641 
0.001299 
0.000120 
0.000009 
0.000001 
0.000000 
0.000000 
0.000000 
0.000000 
0.000000 
0.000000 
0.000000 
0.000000 
0.000000 
0.000000 
0.000000 
0.000000 
0.005659 
0.041095 
0.221842 
0.811443 
1.617877 
0.811443 
0.221843 
0.041099 
0.005717 
0.000634 
0.000058 
0.000005 
0.000000 
0.000000 
0.000000 
0.000000 
0.000000 
0.000000 
0.000000 
0.000000 
0.000000 
0.000000 
0.000000 
0.000000 
0.000000 
0.001509 
0.011049 
0.060154 
0.221843 
0.445326 
0.221843 
0.060154 
0.011050 
0.001524 
0.000168 
0.000015 
0.000001 
0.000000 
0.000000 
0.000000 
0.000000 
0.000000 
0.000000 
0.000000 
0.000000 
0.000000 
0.000000 
0.000000 
0.000000 
0.000000 
0.000273 
0.002012 
0.011050 
0.041099 
0.083092 
0.041099 
0.011050 
0.002013 
0.000275 
0.000030 
0.000003 
0.000000 
0.000000 
0.000000 
0.000000 
0.000000 
0.000000 
0.000000 
0.000000 
0.000000 
0.000000 
0.000000 
0.000000 
0.000000 
0.000000 
0.000037 
0.000275 
0.001524 
0.005717 
0.011641 
0.005717 
0.001524 
0.000275 
0.000037 
0.000004 
0.000000 
0.000000 
0.000000 
0.000000 
0.000000 
0.000000 
0.000000 
0.000000 
0.000000 
0.000000 
0.000000 
0.000000 
0.000000 
0.000000 
0.000000 
0.000004 
0.000030 
0.000168 
0.000634 
0.001299 
0.000634 
0.000168 
0.000030 
0.000004 
0.000000 
0.000000 
0.000000 
0.000000 
0.000000 
0.000000 
0.000000 
0.000000 
0.000000 
0.000000 
0.000000 
0.000000 
0.000000 
0.000000 
0.000000 
0.000000 
0.000000 
0.000003 
0.000015 
0.000058 
0.000120 
0.000058 
0.000015 
0.000003 
0.000000 
0.000000 
0.000000 
0.000000 
0.000000 
0.000000 
0.000000 
0.000000 
0.000000 
0.000000 
0.000000 
0.000000 
0.000000 
0.000000 
0.000000 
0.000000 
0.000000 
0.000000 
0.000000 
0.000001 
0.000005 
0.000009 
0.000005 
0.000001 
0.000000 
0.000000 
0.000000 
0.000000 
0.000000 
0.000000 
0.000000 
0.000000 
0.000000 
0.000000 
0.000000 
0.000001 
0.000001 
0.000001 
0.000000 
0.000000 
0.000000 
0.000000 
0.000000 
0.000000 
0.000000 
0.000000 
0.000001 
0.000000 
0.000000 
0.000000 
0.000000 
0.000000 
0.000000 
0.000000 
0.000000 
0.000000 
0.000000 
0.000000 
0.000001 
0.000002 
0.000006 
0.000009 
0.000006 
0.000002 
0.000001 
0.000000 
0.000000 
0.000000 
0.000000 
0.000000 
0.000000 
0.000000 
0.000000 
0.000000 
0.000000 
0.000000 
0.000000 
0.000000 
0.000000 
0.000000 
0.000000 
0.000000 
0.000001 
0.000005 
0.000019 
0.000047 
0.000072 
0.000047 
0.000019 
0.000005 
0.000001 
0.000000 
0.000000 
0.000000 
0.000000 
0.000000 
0.000000 
0.000000 
0.000000 
0.000000 
0.000000 
0.000000 
0.000000 
0.000000 
0.000000 
0.000000 
0.000001 
0.000008 
0.000036 
0.000128 
0.000326 
0.000503 
0.000326 
0.000128 
0.000036 
0.000008 
0.000001 
0.000000 
0.000000 
0.000000 
0.000000 
0.000000 
0.000000 
0.000000 
0.000000 
0.000000 
0.000000 
0.000000 
0.000000 
0.000000 
0.000001 
0.000008 
0.000045 
0.000206 
0.000743 
0.001919 
0.003002 
0.001919 
0.000743 
0.000206 
0.000045 
0.000008 
0.000000 
0.000000 
0.000000 
0.000000 
0.000000 
0.000000 
0.000000 
0.000000 
0.000000 
0.000000 
0.000000 
0.000000 
0.000001 
0.000005 
0.000036 
0.000206 
0.000967 
0.003553 
0.009363 
0.014878 
0.009363 
0.003553 
0.000967 
0.000206 
0.000035 
0.000000 
0.000000 
0.000000 
0.000000 
0.000000 
0.000000 
0.000000 
0.000000 
0.000000 
0.000000 
0.000000 
0.000000 
0.000002 
0.000019 
0.000128 
0.000743 
0.003553 
0.013337 
0.035891 
0.057916 
0.035891 
0.013337 
0.003553 
0.000742 
0.000126 
0.000000 
0.000000 
0.000000 
0.000000 
0.000000 
0.000000 
0.000000 
0.000000 
0.000000 
0.000000 
0.000000 
0.000001 
0.000006 
0.000047 
0.000326 
0.001919 
0.009363 
0.035891 
0.098521 
0.161230 
0.098521 
0.035891 
0.009363 
0.001918 
0.000320 
0.000000 
0.000000 
0.000000 
0.000000 
0.000000 
0.000000 
0.000000 
0.000000 
0.000000 
0.000000 
0.000000 
0.000001 
0.000009 
0.000072 
0.000503 
0.003002 
0.014878 
0.057916 
0.161230 
0.266408 
0.161230 
0.057916 
0.014878 
0.003001 
0.000493 
0.000000 
0.000000 
0.000000 
0.000000 
0.000000 
0.000000 
0.000000 
0.000000 
0.000000 
0.000000 
0.000000 
0.000001 
0.000006 
0.000047 
0.000326 
0.001919 
0.009363 
0.035891 
0.098521 
0.161230 
0.098521 
0.035891 
0.009363 
0.001918 
0.000320 
0.000000 
0.000000 
0.000000 
0.000000 
0.000000 
0.000000 
0.000000 
0.000000 
0.000000 
0.000000 
0.000000 
0.000000 
0.000002 
0.000019 
0.000128 
0.000743 
0.003553 
0.013337 
0.035891 
0.057916 
0.035891 
0.013337 
0.003553 
0.000742 
0.000126 
0.000000 
0.000000 
0.000000 
0.000000 
0.000000 
0.000000 
0.000000 
0.000000 
0.000000 
0.000000 
0.000000 
0.000000 
0.000001 
0.000005 
0.000036 
0.000206 
0.000967 
0.003553 
0.009363 
0.014878 
0.009363 
0.003553 
0.000967 
0.000206 
0.000035 
0.000000 
0.000000 
0.000000 
0.000000 
0.000000 
0.000000 
0.000000 
0.000000 
0.000000 
0.000000 
0.000000 
0.000000 
0.000000 
0.000001 
0.000008 
0.000045 
0.000206 
0.000742 
0.001918 
0.003001 
0.001918 
0.000742 
0.000206 
0.000045 
0.000008 
0.000000 
0.000000 
0.000000 
0.000000 
0.000000 
0.000000 
0.000000 
0.000000 
0.000000 
0.000000 
0.000000 
0.000000 
0.000000 
0.000000 
0.000001 
0.000008 
0.000035 
0.000126 
0.000320 
0.000493 
0.000320 
0.000126 
0.000035 
0.000008 
0.000001 
