25.000000 25.000000 1.000000
0.000025 
0.000115 
0.000402 
0.001007 
0.001545 
0.001007 
0.000402 
0.000115 
0.000026 
0.000005 
0.000001 
0.000000 
0.000000 
0.000000 
0.000000 
0.000000 
0.000000 
0.000000 
0.000000 
0.000000 
0.000000 
0.000000 
0.000000 
0.000000 
0.000000 
0.000115 
0.000536 
0.001905 
0.004873 
0.007582 
0.004873 
0.001905 
0.000536 
0.000118 
0.000022 
0.000003 
0.000000 
0.000000 
0.000000 
0.000000 
0.000000 
0.000000 
0.000000 
0.000000 
0.000000 
0.000000 
0.000000 
0.000000 
0.000000 
0.000000 
0.000402 
0.001905 
0.006922 
0.018075 
0.028549 
0.018075 
0.006922 
0.001907 
0.000413 
0.000074 
0.000011 
0.000002 
0.000000 
0.000000 
0.000000 
0.000000 
0.000000 
0.000000 
0.000000 
0.000000 
0.000000 
0.000000 
0.000000 
0.000000 
0.000000 
0.001007 
0.004873 
0.018075 
0.048130 
0.077049 
0.048130 
0.018076 
0.004876 
0.001035 
0.000182 
0.000028 
0.000004 
0.000000 
0.000000 
0.000000 
0.000000 
0.000000 
0.000000 
0.000000 
0.000000 
0.000000 
0.000000 
0.000000 
0.000000 
0.000000 
0.001545 
0.007582 
0.028549 
0.077049 
0.124460 
0.077049 
0.028549 
0.007587 
0.001586 
0.000276 
0.000041 
0.000005 
0.000001 
0.000000 
0.000000 
0.000000 
0.000000 
0.000000 
0.000000 
0.000000 
0.000000 
0.000000 
0.000000 
0.000000 
0.000000 
0.001007 
0.004873 
0.018075 
0.048130 
0.077049 
0.048130 
0.018076 
0.004876 
0.001035 
0.000182 
0.000028 
0.000004 
0.000000 
0.000000 
0.000000 
0.000000 
0.000000 
0.000000 
0.000000 
0.000000 
0.000000 
0.000000 
0.000000 
0.000000 
0.000000 
0.000402 
0.001905 
0.006922 
0.018076 
0.028549 
0.018076 
0.006922 
0.001907 
0.000413 
0.000074 
0.000011 
0.000002 
0.000000 
0.000000 
0.000000 
0.000000 
0.000000 
0.000000 
0.000000 
0.000000 
0.000000 
0.000000 
0.000000 
0.000000 
0.000000 
0.000115 
0.000536 
0.001907 
0.004876 
0.007587 
0.004876 
0.001907 
0.000537 
0.000119 
0.000022 
0.000003 
0.000000 
0.000000 
0.000000 
0.000000 
0.000000 
0.000000 
0.000000 
0.000000 
0.000000 
0.000000 
0.000000 
0.000000 
0.000000 
0.000000 
0.000026 
0.000118 
0.000413 
0.001035 
0.001586 
0.001035 
0.000413 
0.000119 
0.000027 
0.000005 
0.000001 
0.000000 
0.000000 
0.000000 
0.000000 
0.000000 
0.000000 
0.000000 
0.000000 
0.000000 
0.000000 
0.000000 
0.000000 
0.000000 
0.000000 
0.000005 
0.000022 
0.000074 
0.000182 
0.000276 
0.000182 
0.000074 
0.000022 
0.000005 
0.000001 
0.000000 
0.000000 
0.000000 
0.000000 
0.000000 
0.000000 
0.000000 
0.000000 
0.000000 
0.000000 
0.000000 
0.000000 
0.000000 
0.000000 
0.000000 
0.000001 
0.000003 
0.000011 
0.000028 
0.000041 
0.000028 
0.000011 
0.000003 
0.000001 
0.000000 
0.000000 
0.000000 
0.000000 
0.000000 
0.000000 
0.000000 
0.000000 
0.000001 
0.000002 
0.000002 
0.000002 
0.000001 
0.000000 
0.000000 
0.000000 
0.000000 
0.000000 
0.000002 
0.000004 
0.000005 
0.000004 
0.000002 
0.000000 
0.000000 
0.000000 
0.000000 
0.000000 
0.000000 
0.000000 
0.000000 
0.000001 
0.000002 
0.000006 
0.000012 
0.000017 
0.000012 
0.000006 
0.000002 
0.000001 
0.000000 
0.000000 
0.000000 
0.000000 
0.000000 
0.000001 
0.000000 
0.000000 
0.000000 
0.000000 
0.000000 
0.000000 
0.000000 
0.000000 
0.000000 
0.000001 
0.000004 
0.000015 
0.000042 
0.000087 
0.000117 
0.000087 
0.000042 
0.000015 
0.000004 
0.000001 
0.000000 
0.000000 
0.000000 
0.000000 
0.000000 
0.000000 
0.000000 
0.000000 
0.000000 
0.000000 
0.000000 
0.000000 
0.000000 
0.000001 
0.000005 
0.000025 
0.000091 
0.000260 
0.000536 
0.000715 
0.000536 
0.000260 
0.000091 
0.000025 
0.000005 
0.000000 
0.000000 
0.000000 
0.000000 
0.000000 
0.000000 
0.000000 
0.000000 
0.000000 
0.000000 
0.000000 
0.000000 
0.000001 
0.000005 
0.000029 
0.000133 
0.000486 
0.001376 
0.002815 
0.003742 
0.002815 
0.001376 
0.000486 
0.000132 
0.000028 
0.000000 
0.000000 
0.000000 
0.000000 
0.000000 
0.000000 
0.000000 
0.000000 
0.000000 
0.000000 
0.000000 
0.000001 
0.000004 
0.000025 
0.000133 
0.000595 
0.002164 
0.006083 
0.012364 
0.016379 
0.012364 
0.006083 
0.002164 
0.000595 
0.000129 
0.000000 
0.000000 
0.000000 
0.000000 
0.000000 
0.000000 
0.000000 
0.000000 
0.000000 
0.000000 
0.000000 
0.000002 
0.000015 
0.000091 
0.000486 
0.002164 
0.007803 
0.021775 
0.043999 
0.058114 
0.043999 
0.021775 
0.007803 
0.002162 
0.000471 
0.000000 
0.000000 
0.000000 
0.000000 
0.000000 
0.000000 
0.000000 
0.000000 
0.000000 
0.000000 
0.000001 
0.000006 
0.000042 
0.000260 
0.001376 
0.006083 
0.021775 
0.060378 
0.121380 
0.159903 
0.121380 
0.060378 
0.021775 
0.006077 
0.001334 
0.000000 
0.000000 
0.000000 
0.000000 
0.000000 
0.000000 
0.000000 
0.000000 
0.000000 
0.000000 
0.000002 
0.000012 
0.000087 
0.000536 
0.002815 
0.012364 
0.043999 
0.121380 
0.243050 
0.319577 
0.243050 
0.121379 
0.043998 
0.012351 
0.002728 
0.000000 
0.000000 
0.000000 
0.000000 
0.000000 
0.000000 
0.000000 
0.000000 
0.000000 
0.000000 
0.000002 
0.000017 
0.000117 
0.000715 
0.003742 
0.016379 
0.058114 
0.159903 
0.319577 
0.419840 
0.319577 
0.159903 
0.058112 
0.016363 
0.003625 
0.000000 
0.000000 
0.000000 
0.000000 
0.000000 
0.000000 
0.000000 
0.000000 
0.000000 
0.000000 
0.000002 
0.000012 
0.000087 
0.000536 
0.002815 
0.012364 
0.043999 
0.121380 
0.243050 
0.319577 
0.243050 
0.121379 
0.043998 
0.012351 
0.002728 
0.000000 
0.000000 
0.000000 
0.000000 
0.000000 
0.000000 
0.000000 
0.000000 
0.000000 
0.000000 
0.000001 
0.000006 
0.000042 
0.000260 
0.001376 
0.006083 
0.021775 
0.060378 
0.121379 
0.159903 
0.121379 
0.060378 
0.021775 
0.006077 
0.001334 
0.000000 
0.000000 
0.000000 
0.000000 
0.000000 
0.000000 
0.000000 
0.000000 
0.000000 
0.000000 
0.000000 
0.000002 
0.000015 
0.000091 
0.000486 
0.002164 
0.007803 
0.021775 
0.043998 
0.058112 
0.043998 
0.021775 
0.007803 
0.002162 
0.000471 
0.000000 
0.000000 
0.000000 
0.000000 
0.000000 
0.000000 
0.000000 
0.000000 
0.000000 
0.000000 
0.000000 
0.000001 
0.000004 
0.000025 
0.000132 
0.000595 
0.002162 
0.006077 
0.012351 
0.016363 
0.012351 
0.006077 
0.002162 
0.000594 
0.000129 
0.000000 
0.000000 
0.000000 
0.000000 
0.000000 
0.000000 
0.000000 
0.000000 
0.000000 
0.000000 
0.000000 
0.000000 
0.000001 
0.000005 
0.000028 
0.000129 
0.000471 
0.001334 
0.002728 
0.003625 
0.002728 
0.001334 
0.000471 
0.000129 
0.000028 
