25.000000 25.000000 1.000000
0.000010 
0.000052 
0.000220 
0.000649 
0.001118 
0.000649 
0.000220 
0.000052 
0.000010 
0.000001 
0.000000 
0.000000 
0.000000 
0.000000 
0.000000 
0.000000 
0.000000 
0.000000 
0.000000 
0.000000 
0.000000 
0.000000 
0.000000 
0.000000 
0.000000 
0.000052 
0.000293 
0.001248 
0.003752 
0.006565 
0.003752 
0.001248 
0.000293 
0.000053 
0.000008 
0.000001 
0.000000 
0.000000 
0.000000 
0.000000 
0.000000 
0.000000 
0.000000 
0.000000 
0.000000 
0.000000 
0.000000 
0.000000 
0.000000 
0.000000 
0.000220 
0.001248 
0.005414 
0.016618 
0.029572 
0.016618 
0.005414 
0.001248 
0.000224 
0.000033 
0.000004 
0.000000 
0.000000 
0.000000 
0.000000 
0.000000 
0.000000 
0.000000 
0.000000 
0.000000 
0.000000 
0.000000 
0.000000 
0.000000 
0.000000 
0.000649 
0.003752 
0.016618 
0.052070 
0.094163 
0.052070 
0.016618 
0.003753 
0.000661 
0.000096 
0.000012 
0.000001 
0.000000 
0.000000 
0.000000 
0.000000 
0.000000 
0.000000 
0.000000 
0.000000 
0.000000 
0.000000 
0.000000 
0.000000 
0.000000 
0.001118 
0.006565 
0.029572 
0.094163 
0.172356 
0.094163 
0.029572 
0.006567 
0.001138 
0.000163 
0.000020 
0.000002 
0.000000 
0.000000 
0.000000 
0.000000 
0.000000 
0.000000 
0.000000 
0.000000 
0.000000 
0.000000 
0.000000 
0.000000 
0.000000 
0.000649 
0.003752 
0.016618 
0.052070 
0.094163 
0.052070 
0.016618 
0.003753 
0.000661 
0.000096 
0.000012 
0.000001 
0.000000 
0.000000 
0.000000 
0.000000 
0.000000 
0.000000 
0.000000 
0.000000 
0.000000 
0.000000 
0.000000 
0.000000 
0.000000 
0.000220 
0.001248 
0.005414 
0.016618 
0.029572 
0.016618 
0.005414 
0.001248 
0.000224 
0.000033 
0.000004 
0.000000 
0.000000 
0.000000 
0.000000 
0.000000 
0.000000 
0.000000 
0.000000 
0.000000 
0.000000 
0.000000 
0.000000 
0.000000 
0.000000 
0.000052 
0.000293 
0.001248 
0.003753 
0.006567 
0.003753 
0.001248 
0.000293 
0.000053 
0.000008 
0.000001 
0.000000 
0.000000 
0.000000 
0.000000 
0.000000 
0.000000 
0.000000 
0.000000 
0.000000 
0.000000 
0.000000 
0.000000 
0.000000 
0.000000 
0.000010 
0.000053 
0.000224 
0.000661 
0.001138 
0.000661 
0.000224 
0.000053 
0.000010 
0.000001 
0.000000 
0.000000 
0.000000 
0.000000 
0.000000 
0.000000 
0.000000 
0.000000 
0.000000 
0.000000 
0.000000 
0.000000 
0.000000 
0.000000 
0.000000 
0.000001 
0.000008 
0.000033 
0.000096 
0.000163 
0.000096 
0.000033 
0.000008 
0.000001 
0.000000 
0.000000 
0.000000 
0.000000 
0.000000 
0.000000 
0.000000 
0.000000 
0.000000 
0.000000 
0.000000 
0.000000 
0.000000 
0.000000 
0.000000 
0.000000 
0.000000 
0.000001 
0.000004 
0.000012 
0.000020 
0.000012 
0.000004 
0.000001 
0.000000 
0.000000 
0.000000 
0.000000 
0.000000 
0.000000 
0.000000 
0.000000 
0.000000 
0.000000 
0.000001 
0.000001 
0.000001 
0.000000 
0.000000 
0.000000 
0.000000 
0.000000 
0.000000 
0.000000 
0.000001 
0.000002 
0.000001 
0.000000 
0.000000 
0.000000 
0.000000 
0.000000 
0.000000 
0.000000 
0.000000 
0.000000 
0.000000 
0.000001 
0.000002 
0.000005 
0.000008 
0.000005 
0.000002 
0.000001 
0.000000 
0.000000 
0.000000 
0.000000 
0.000000 
0.000000 
0.000000 
0.000000 
0.000000 
0.000000 
0.000000 
0.000000 
0.000000 
0.000000 
0.000000 
0.000000 
0.000000 
0.000001 
0.000005 
0.000018 
0.000044 
0.000066 
0.000044 
0.000018 
0.000005 
0.000001 
0.000000 
0.000000 
0.000000 
0.000000 
0.000000 
0.000000 
0.000000 
0.000000 
0.000000 
0.000000 
0.000000 
0.000000 
0.000000 
0.000000 
0.000000 
0.000002 
0.000009 
0.000040 
0.000139 
0.000339 
0.000500 
0.000339 
0.000139 
0.000040 
0.000009 
0.000002 
0.000000 
0.000000 
0.000000 
0.000000 
0.000000 
0.000000 
0.000000 
0.000000 
0.000000 
0.000000 
0.000000 
0.000000 
0.000000 
0.000002 
0.000010 
0.000059 
0.000266 
0.000915 
0.002207 
0.003231 
0.002207 
0.000915 
0.000266 
0.000059 
0.000010 
0.000000 
0.000000 
0.000000 
0.000000 
0.000000 
0.000000 
0.000000 
0.000000 
0.000000 
0.000000 
0.000000 
0.000000 
0.000001 
0.000009 
0.000059 
0.000328 
0.001468 
0.004991 
0.011919 
0.017349 
0.011919 
0.004991 
0.001468 
0.000328 
0.000058 
0.000000 
0.000000 
0.000000 
0.000000 
0.000000 
0.000000 
0.000000 
0.000000 
0.000000 
0.000000 
0.000000 
0.000001 
0.000005 
0.000040 
0.000266 
0.001468 
0.006483 
0.021818 
0.051638 
0.074750 
0.051638 
0.021818 
0.006483 
0.001467 
0.000261 
0.000000 
0.000000 
0.000000 
0.000000 
0.000000 
0.000000 
0.000000 
0.000000 
0.000000 
0.000000 
0.000000 
0.000002 
0.000018 
0.000139 
0.000915 
0.004991 
0.021818 
0.072724 
0.170717 
0.245905 
0.170717 
0.072724 
0.021817 
0.004989 
0.000897 
0.000000 
0.000000 
0.000000 
0.000000 
0.000000 
0.000000 
0.000000 
0.000000 
0.000000 
0.000000 
0.000001 
0.000005 
0.000044 
0.000339 
0.002207 
0.011919 
0.051638 
0.170717 
0.398002 
0.570954 
0.398002 
0.170717 
0.051637 
0.011914 
0.002162 
0.000000 
0.000000 
0.000000 
0.000000 
0.000000 
0.000000 
0.000000 
0.000000 
0.000000 
0.000000 
0.000001 
0.000008 
0.000066 
0.000500 
0.003231 
0.017349 
0.074750 
0.245905 
0.570954 
0.817149 
0.570954 
0.245905 
0.074750 
0.017341 
0.003165 
0.000000 
0.000000 
0.000000 
0.000000 
0.000000 
0.000000 
0.000000 
0.000000 
0.000000 
0.000000 
0.000001 
0.000005 
0.000044 
0.000339 
0.002207 
0.011919 
0.051638 
0.170717 
0.398002 
0.570954 
0.398002 
0.170717 
0.051637 
0.011914 
0.002162 
0.000000 
0.000000 
0.000000 
0.000000 
0.000000 
0.000000 
0.000000 
0.000000 
0.000000 
0.000000 
0.000000 
0.000002 
0.000018 
0.000139 
0.000915 
0.004991 
0.021818 
0.072724 
0.170717 
0.245905 
0.170717 
0.072723 
0.021817 
0.004989 
0.000897 
0.000000 
0.000000 
0.000000 
0.000000 
0.000000 
0.000000 
0.000000 
0.000000 
0.000000 
0.000000 
0.000000 
0.000001 
0.000005 
0.000040 
0.000266 
0.001468 
0.006483 
0.021817 
0.051637 
0.074750 
0.051637 
0.021817 
0.006483 
0.001467 
0.000261 
0.000000 
0.000000 
0.000000 
0.000000 
0.000000 
0.000000 
0.000000 
0.000000 
0.000000 
0.000000 
0.000000 
0.000000 
0.000001 
0.000009 
0.000059 
0.000328 
0.001467 
0.004989 
0.011914 
0.017341 
0.011914 
0.004989 
0.001467 
0.000328 
0.000058 
0.000000 
0.000000 
0.000000 
0.000000 
0.000000 
0.000000 
0.000000 
0.000000 
0.000000 
0.000000 
0.000000 
0.000000 
0.000000 
0.000002 
0.000010 
0.000058 
0.000261 
0.000897 
0.002162 
0.003165 
0.002162 
0.000897 
0.000261 
0.000058 
0.000010 
