25.000000 25.000000 1.000000
0.000016 
0.000079 
0.000303 
0.000823 
0.001334 
0.000823 
0.000303 
0.000080 
0.000016 
0.000003 
0.000000 
0.000000 
0.000000 
0.000000 
0.000000 
0.000000 
0.000000 
0.000000 
0.000000 
0.000000 
0.000000 
0.000000 
0.000000 
0.000000 
0.000000 
0.000079 
0.000404 
0.001570 
0.004344 
0.007148 
0.004344 
0.001570 
0.000405 
0.000081 
0.000013 
0.000002 
0.000000 
0.000000 
0.000000 
0.000000 
0.000000 
0.000000 
0.000000 
0.000000 
0.000000 
0.000000 
0.000000 
0.000000 
0.000000 
0.000000 
0.000303 
0.001570 
0.006223 
0.017583 
0.029399 
0.017583 
0.006223 
0.001571 
0.000310 
0.000050 
0.000007 
0.000001 
0.000000 
0.000000 
0.000000 
0.000000 
0.000000 
0.000000 
0.000000 
0.000000 
0.000000 
0.000000 
0.000000 
0.000000 
0.000000 
0.000823 
0.004344 
0.017583 
0.050700 
0.086045 
0.050700 
0.017583 
0.004347 
0.000842 
0.000135 
0.000018 
0.000002 
0.000000 
0.000000 
0.000000 
0.000000 
0.000000 
0.000000 
0.000000 
0.000000 
0.000000 
0.000000 
0.000000 
0.000000 
0.000000 
0.001334 
0.007148 
0.029399 
0.086045 
0.147589 
0.086045 
0.029399 
0.007151 
0.001363 
0.000215 
0.000029 
0.000003 
0.000000 
0.000000 
0.000000 
0.000000 
0.000000 
0.000000 
0.000000 
0.000000 
0.000000 
0.000000 
0.000000 
0.000000 
0.000000 
0.000823 
0.004344 
0.017583 
0.050700 
0.086045 
0.050700 
0.017583 
0.004347 
0.000842 
0.000135 
0.000018 
0.000002 
0.000000 
0.000000 
0.000000 
0.000000 
0.000000 
0.000000 
0.000000 
0.000000 
0.000000 
0.000000 
0.000000 
0.000000 
0.000000 
0.000303 
0.001570 
0.006223 
0.017583 
0.029399 
0.017583 
0.006223 
0.001571 
0.000310 
0.000050 
0.000007 
0.000001 
0.000000 
0.000000 
0.000000 
0.000000 
0.000000 
0.000000 
0.000000 
0.000000 
0.000000 
0.000000 
0.000000 
0.000000 
0.000000 
0.000080 
0.000405 
0.001571 
0.004347 
0.007151 
0.004347 
0.001571 
0.000405 
0.000081 
0.000013 
0.000002 
0.000000 
0.000000 
0.000000 
0.000000 
0.000000 
0.000000 
0.000000 
0.000000 
0.000000 
0.000000 
0.000000 
0.000000 
0.000000 
0.000000 
0.000016 
0.000081 
0.000310 
0.000842 
0.001363 
0.000842 
0.000310 
0.000081 
0.000017 
0.000003 
0.000000 
0.000000 
0.000000 
0.000000 
0.000000 
0.000000 
0.000000 
0.000000 
0.000000 
0.000000 
0.000000 
0.000000 
0.000000 
0.000000 
0.000000 
0.000003 
0.000013 
0.000050 
0.000135 
0.000215 
0.000135 
0.000050 
0.000013 
0.000003 
0.000000 
0.000000 
0.000000 
0.000000 
0.000000 
0.000000 
0.000000 
0.000000 
0.000000 
0.000000 
0.000000 
0.000000 
0.000000 
0.000000 
0.000000 
0.000000 
0.000000 
0.000002 
0.000007 
0.000018 
0.000029 
0.000018 
0.000007 
0.000002 
0.000000 
0.000000 
0.000000 
0.000000 
0.000000 
0.000000 
0.000000 
0.000000 
0.000000 
0.000000 
0.000001 
0.000001 
0.000001 
0.000000 
0.000000 
0.000000 
0.000000 
0.000000 
0.000000 
0.000001 
0.000002 
0.000003 
0.000002 
0.000001 
0.000000 
0.000000 
0.000000 
0.000000 
0.000000 
0.000000 
0.000000 
0.000000 
0.000000 
0.000001 
0.000004 
0.000008 
0.000011 
0.000008 
0.000004 
0.000001 
0.000000 
0.000000 
0.000000 
0.000000 
0.000000 
0.000000 
0.000000 
0.000000 
0.000000 
0.000000 
0.000000 
0.000000 
0.000000 
0.000000 
0.000000 
0.000000 
0.000000 
0.000002 
0.000009 
0.000028 
0.000064 
0.000090 
0.000064 
0.000028 
0.000009 
0.000002 
0.000000 
0.000000 
0.000000 
0.000000 
0.000000 
0.000000 
0.000000 
0.000000 
0.000000 
0.000000 
0.000000 
0.000000 
0.000000 
0.000000 
0.000000 
0.000003 
0.000015 
0.000062 
0.000196 
0.000437 
0.000610 
0.000437 
0.000196 
0.000062 
0.000015 
0.000003 
0.000000 
0.000000 
0.000000 
0.000000 
0.000000 
0.000000 
0.000000 
0.000000 
0.000000 
0.000000 
0.000000 
0.000000 
0.000000 
0.000003 
0.000018 
0.000091 
0.000370 
0.001152 
0.002550 
0.003545 
0.002550 
0.001152 
0.000370 
0.000091 
0.000018 
0.000000 
0.000000 
0.000000 
0.000000 
0.000000 
0.000000 
0.000000 
0.000000 
0.000000 
0.000000 
0.000000 
0.000000 
0.000002 
0.000015 
0.000091 
0.000455 
0.001830 
0.005646 
0.012403 
0.017166 
0.012403 
0.005646 
0.001830 
0.000455 
0.000089 
0.000000 
0.000000 
0.000000 
0.000000 
0.000000 
0.000000 
0.000000 
0.000000 
0.000000 
0.000000 
0.000000 
0.000001 
0.000009 
0.000062 
0.000370 
0.001830 
0.007291 
0.022298 
0.048630 
0.067025 
0.048630 
0.022298 
0.007291 
0.001829 
0.000361 
0.000000 
0.000000 
0.000000 
0.000000 
0.000000 
0.000000 
0.000000 
0.000000 
0.000000 
0.000000 
0.000000 
0.000004 
0.000028 
0.000196 
0.001152 
0.005646 
0.022298 
0.067654 
0.146583 
0.201292 
0.146583 
0.067654 
0.022298 
0.005642 
0.001123 
0.000000 
0.000000 
0.000000 
0.000000 
0.000000 
0.000000 
0.000000 
0.000000 
0.000000 
0.000000 
0.000001 
0.000008 
0.000064 
0.000437 
0.002550 
0.012403 
0.048630 
0.146583 
0.315905 
0.432562 
0.315905 
0.146583 
0.048629 
0.012395 
0.002486 
0.000000 
0.000000 
0.000000 
0.000000 
0.000000 
0.000000 
0.000000 
0.000000 
0.000000 
0.000000 
0.000001 
0.000011 
0.000090 
0.000610 
0.003545 
0.017166 
0.067025 
0.201292 
0.432562 
0.591418 
0.432562 
0.201292 
0.067023 
0.017154 
0.003455 
0.000000 
0.000000 
0.000000 
0.000000 
0.000000 
0.000000 
0.000000 
0.000000 
0.000000 
0.000000 
0.000001 
0.000008 
0.000064 
0.000437 
0.002550 
0.012403 
0.048630 
0.146583 
0.315905 
0.432562 
0.315905 
0.146583 
0.048629 
0.012395 
0.002486 
0.000000 
0.000000 
0.000000 
0.000000 
0.000000 
0.000000 
0.000000 
0.000000 
0.000000 
0.000000 
0.000000 
0.000004 
0.000028 
0.000196 
0.001152 
0.005646 
0.022298 
0.067654 
0.146583 
0.201292 
0.146583 
0.067654 
0.022298 
0.005642 
0.001123 
0.000000 
0.000000 
0.000000 
0.000000 
0.000000 
0.000000 
0.000000 
0.000000 
0.000000 
0.000000 
0.000000 
0.000001 
0.000009 
0.000062 
0.000370 
0.001830 
0.007291 
0.022298 
0.048629 
0.067023 
0.048629 
0.022298 
0.007291 
0.001829 
0.000361 
0.000000 
0.000000 
0.000000 
0.000000 
0.000000 
0.000000 
0.000000 
0.000000 
0.000000 
0.000000 
0.000000 
0.000000 
0.000002 
0.000015 
0.000091 
0.000455 
0.001829 
0.005642 
0.012395 
0.017154 
0.012395 
0.005642 
0.001829 
0.000454 
0.000089 
0.000000 
0.000000 
0.000000 
0.000000 
0.000000 
0.000000 
0.000000 
0.000000 
0.000000 
0.000000 
0.000000 
0.000000 
0.000000 
0.000003 
0.000018 
0.000089 
0.000361 
0.001123 
0.002486 
0.003455 
0.002486 
0.001123 
0.000361 
0.000089 
0.000017 
