25.000000 25.000000 1.000000
0.000043 
0.000310 
0.001660 
0.006044 
0.012012 
0.006044 
0.001660 
0.000310 
0.000043 
0.000005 
0.000000 
0.000000 
0.000000 
0.000000 
0.000000 
0.000000 
0.000000 
0.000000 
0.000000 
0.000000 
0.000000 
0.000000 
0.000000 
0.000000 
0.000000 
0.000310 
0.002214 
0.011784 
0.042565 
0.084044 
0.042565 
0.011784 
0.002214 
0.000313 
0.000035 
0.000003 
0.000000 
0.000000 
0.000000 
0.000000 
0.000000 
0.000000 
0.000000 
0.000000 
0.000000 
0.000000 
0.000000 
0.000000 
0.000000 
0.000000 
0.001660 
0.011784 
0.062213 
0.222920 
0.437200 
0.222920 
0.062213 
0.011785 
0.001678 
0.000191 
0.000018 
0.000001 
0.000000 
0.000000 
0.000000 
0.000000 
0.000000 
0.000000 
0.000000 
0.000000 
0.000000 
0.000000 
0.000000 
0.000000 
0.000000 
0.006044 
0.042565 
0.222920 
0.792547 
1.544464 
0.792547 
0.222921 
0.042571 
0.006110 
0.000699 
0.000066 
0.000005 
0.000000 
0.000000 
0.000000 
0.000000 
0.000000 
0.000000 
0.000000 
0.000000 
0.000000 
0.000000 
0.000000 
0.000000 
0.000000 
0.012012 
0.084044 
0.437200 
1.544464 
2.994250 
1.544464 
0.437201 
0.084055 
0.012146 
0.001399 
0.000134 
0.000011 
0.000001 
0.000000 
0.000000 
0.000000 
0.000000 
0.000000 
0.000000 
0.000000 
0.000000 
0.000000 
0.000000 
0.000000 
0.000000 
0.006044 
0.042565 
0.222920 
0.792547 
1.544464 
0.792547 
0.222921 
0.042571 
0.006110 
0.000699 
0.000066 
0.000005 
0.000000 
0.000000 
0.000000 
0.000000 
0.000000 
0.000000 
0.000000 
0.000000 
0.000000 
0.000000 
0.000000 
0.000000 
0.000000 
0.001660 
0.011784 
0.062213 
0.222921 
0.437201 
0.222921 
0.062213 
0.011785 
0.001678 
0.000191 
0.000018 
0.000001 
0.000000 
0.000000 
0.000000 
0.000000 
0.000000 
0.000000 
0.000000 
0.000000 
0.000000 
0.000000 
0.000000 
0.000000 
0.000000 
0.000310 
0.002214 
0.011785 
0.042571 
0.084055 
0.042571 
0.011785 
0.002214 
0.000313 
0.000035 
0.000003 
0.000000 
0.000000 
0.000000 
0.000000 
0.000000 
0.000000 
0.000000 
0.000000 
0.000000 
0.000000 
0.000000 
0.000000 
0.000000 
0.000000 
0.000043 
0.000313 
0.001678 
0.006110 
0.012146 
0.006110 
0.001678 
0.000313 
0.000044 
0.000005 
0.000000 
0.000000 
0.000000 
0.000000 
0.000000 
0.000000 
0.000000 
0.000000 
0.000000 
0.000000 
0.000000 
0.000000 
0.000000 
0.000000 
0.000000 
0.000005 
0.000035 
0.000191 
0.000699 
0.001399 
0.000699 
0.000191 
0.000035 
0.000005 
0.000001 
0.000000 
0.000000 
0.000000 
0.000000 
0.000000 
0.000000 
0.000000 
0.000000 
0.000000 
0.000000 
0.000000 
0.000000 
0.000000 
0.000000 
0.000000 
0.000000 
0.000003 
0.000018 
0.000066 
0.000134 
0.000066 
0.000018 
0.000003 
0.000000 
0.000000 
0.000000 
0.000000 
0.000000 
0.000000 
0.000000 
0.000000 
0.000000 
0.000000 
0.000000 
0.000000 
0.000000 
0.000000 
0.000000 
0.000000 
0.000000 
0.000000 
0.000000 
0.000001 
0.000005 
0.000011 
0.000005 
0.000001 
0.000000 
0.000000 
0.000000 
0.000000 
0.000000 
0.000000 
0.000000 
0.000000 
0.000000 
0.000000 
0.000000 
0.000001 
0.000001 
0.000001 
0.000000 
0.000000 
0.000000 
0.000000 
0.000000 
0.000000 
0.000000 
0.000000 
0.000001 
0.000000 
0.000000 
0.000000 
0.000000 
0.000000 
0.000000 
0.000000 
0.000000 
0.000000 
0.000000 
0.000000 
0.000001 
0.000003 
0.000007 
0.000010 
0.000007 
0.000003 
0.000001 
0.000000 
0.000000 
0.000000 
0.000000 
0.000000 
0.000000 
0.000000 
0.000000 
0.000000 
0.000000 
0.000000 
0.000000 
0.000000 
0.000000 
0.000000 
0.000000 
0.000000 
0.000001 
0.000006 
0.000022 
0.000053 
0.000080 
0.000053 
0.000022 
0.000006 
0.000001 
0.000000 
0.000000 
0.000000 
0.000000 
0.000000 
0.000000 
0.000000 
0.000000 
0.000000 
0.000000 
0.000000 
0.000000 
0.000000 
0.000000 
0.000000 
0.000002 
0.000009 
0.000041 
0.000143 
0.000355 
0.000539 
0.000355 
0.000143 
0.000041 
0.000009 
0.000002 
0.000000 
0.000000 
0.000000 
0.000000 
0.000000 
0.000000 
0.000000 
0.000000 
0.000000 
0.000000 
0.000000 
0.000000 
0.000000 
0.000001 
0.000009 
0.000051 
0.000229 
0.000805 
0.002033 
0.003131 
0.002033 
0.000805 
0.000229 
0.000051 
0.000009 
0.000000 
0.000000 
0.000000 
0.000000 
0.000000 
0.000000 
0.000000 
0.000000 
0.000000 
0.000000 
0.000000 
0.000000 
0.000001 
0.000006 
0.000041 
0.000229 
0.001047 
0.003750 
0.009660 
0.015106 
0.009660 
0.003750 
0.001047 
0.000229 
0.000041 
0.000000 
0.000000 
0.000000 
0.000000 
0.000000 
0.000000 
0.000000 
0.000000 
0.000000 
0.000000 
0.000000 
0.000000 
0.000003 
0.000022 
0.000143 
0.000805 
0.003750 
0.013724 
0.036102 
0.057318 
0.036102 
0.013724 
0.003750 
0.000805 
0.000140 
0.000000 
0.000000 
0.000000 
0.000000 
0.000000 
0.000000 
0.000000 
0.000000 
0.000000 
0.000000 
0.000000 
0.000001 
0.000007 
0.000053 
0.000355 
0.002033 
0.009660 
0.036102 
0.096847 
0.155869 
0.096847 
0.036102 
0.009660 
0.002032 
0.000348 
0.000000 
0.000000 
0.000000 
0.000000 
0.000000 
0.000000 
0.000000 
0.000000 
0.000000 
0.000000 
0.000000 
0.000001 
0.000010 
0.000080 
0.000539 
0.003131 
0.015106 
0.057318 
0.155869 
0.253172 
0.155869 
0.057318 
0.015106 
0.003130 
0.000529 
0.000000 
0.000000 
0.000000 
0.000000 
0.000000 
0.000000 
0.000000 
0.000000 
0.000000 
0.000000 
0.000000 
0.000001 
0.000007 
0.000053 
0.000355 
0.002033 
0.009660 
0.036102 
0.096847 
0.155869 
0.096847 
0.036102 
0.009660 
0.002032 
0.000348 
0.000000 
0.000000 
0.000000 
0.000000 
0.000000 
0.000000 
0.000000 
0.000000 
0.000000 
0.000000 
0.000000 
0.000000 
0.000003 
0.000022 
0.000143 
0.000805 
0.003750 
0.013724 
0.036102 
0.057318 
0.036102 
0.013724 
0.003750 
0.000805 
0.000140 
0.000000 
0.000000 
0.000000 
0.000000 
0.000000 
0.000000 
0.000000 
0.000000 
0.000000 
0.000000 
0.000000 
0.000000 
0.000001 
0.000006 
0.000041 
0.000229 
0.001047 
0.003750 
0.009660 
0.015106 
0.009660 
0.003750 
0.001047 
0.000229 
0.000041 
0.000000 
0.000000 
0.000000 
0.000000 
0.000000 
0.000000 
0.000000 
0.000000 
0.000000 
0.000000 
0.000000 
0.000000 
0.000000 
0.000001 
0.000009 
0.000051 
0.000229 
0.000805 
0.002032 
0.003130 
0.002032 
0.000805 
0.000229 
0.000051 
0.000009 
0.000000 
0.000000 
0.000000 
0.000000 
0.000000 
0.000000 
0.000000 
0.000000 
0.000000 
0.000000 
0.000000 
0.000000 
0.000000 
0.000000 
0.000002 
0.000009 
0.000041 
0.000140 
0.000348 
0.000529 
0.000348 
0.000140 
0.000041 
0.000009 
0.000002 
