25.000000 25.000000 1.000000
0.000031 
0.000238 
0.001363 
0.005273 
0.011010 
0.005273 
0.001363 
0.000238 
0.000031 
0.000003 
0.000000 
0.000000 
0.000000 
0.000000 
0.000000 
0.000000 
0.000000 
0.000000 
0.000000 
0.000000 
0.000000 
0.000000 
0.000000 
0.000000 
0.000000 
0.000238 
0.001818 
0.010311 
0.039530 
0.081932 
0.039530 
0.010311 
0.001818 
0.000241 
0.000025 
0.000002 
0.000000 
0.000000 
0.000000 
0.000000 
0.000000 
0.000000 
0.000000 
0.000000 
0.000000 
0.000000 
0.000000 
0.000000 
0.000000 
0.000000 
0.001363 
0.010311 
0.057949 
0.220208 
0.452985 
0.220208 
0.057950 
0.010311 
0.001376 
0.000146 
0.000013 
0.000001 
0.000000 
0.000000 
0.000000 
0.000000 
0.000000 
0.000000 
0.000000 
0.000000 
0.000000 
0.000000 
0.000000 
0.000000 
0.000000 
0.005273 
0.039530 
0.220208 
0.829605 
1.694327 
0.829605 
0.220208 
0.039534 
0.005323 
0.000571 
0.000051 
0.000004 
0.000000 
0.000000 
0.000000 
0.000000 
0.000000 
0.000000 
0.000000 
0.000000 
0.000000 
0.000000 
0.000000 
0.000000 
0.000000 
0.011010 
0.081932 
0.452985 
1.694327 
3.439935 
1.694327 
0.452985 
0.081940 
0.011117 
0.001201 
0.000107 
0.000008 
0.000001 
0.000000 
0.000000 
0.000000 
0.000000 
0.000000 
0.000000 
0.000000 
0.000000 
0.000000 
0.000000 
0.000000 
0.000000 
0.005273 
0.039530 
0.220208 
0.829605 
1.694327 
0.829605 
0.220208 
0.039534 
0.005323 
0.000571 
0.000051 
0.000004 
0.000000 
0.000000 
0.000000 
0.000000 
0.000000 
0.000000 
0.000000 
0.000000 
0.000000 
0.000000 
0.000000 
0.000000 
0.000000 
0.001363 
0.010311 
0.057950 
0.220208 
0.452985 
0.220208 
0.057950 
0.010311 
0.001376 
0.000146 
0.000013 
0.000001 
0.000000 
0.000000 
0.000000 
0.000000 
0.000000 
0.000000 
0.000000 
0.000000 
0.000000 
0.000000 
0.000000 
0.000000 
0.000000 
0.000238 
0.001818 
0.010311 
0.039534 
0.081940 
0.039534 
0.010311 
0.001818 
0.000241 
0.000025 
0.000002 
0.000000 
0.000000 
0.000000 
0.000000 
0.000000 
0.000000 
0.000000 
0.000000 
0.000000 
0.000000 
0.000000 
0.000000 
0.000000 
0.000000 
0.000031 
0.000241 
0.001376 
0.005323 
0.011117 
0.005323 
0.001376 
0.000241 
0.000032 
0.000003 
0.000000 
0.000000 
0.000000 
0.000000 
0.000000 
0.000000 
0.000000 
0.000000 
0.000000 
0.000000 
0.000000 
0.000000 
0.000000 
0.000000 
0.000000 
0.000003 
0.000025 
0.000146 
0.000571 
0.001201 
0.000571 
0.000146 
0.000025 
0.000003 
0.000000 
0.000000 
0.000000 
0.000000 
0.000000 
0.000000 
0.000000 
0.000000 
0.000000 
0.000000 
0.000000 
0.000000 
0.000000 
0.000000 
0.000000 
0.000000 
0.000000 
0.000002 
0.000013 
0.000051 
0.000107 
0.000051 
0.000013 
0.000002 
0.000000 
0.000000 
0.000000 
0.000000 
0.000000 
0.000000 
0.000000 
0.000000 
0.000000 
0.000000 
0.000000 
0.000000 
0.000000 
0.000000 
0.000000 
0.000000 
0.000000 
0.000000 
0.000000 
0.000001 
0.000004 
0.000008 
0.000004 
0.000001 
0.000000 
0.000000 
0.000000 
0.000000 
0.000000 
0.000000 
0.000000 
0.000000 
0.000000 
0.000000 
0.000000 
0.000001 
0.000001 
0.000001 
0.000000 
0.000000 
0.000000 
0.000000 
0.000000 
0.000000 
0.000000 
0.000000 
0.000001 
0.000000 
0.000000 
0.000000 
0.000000 
0.000000 
0.000000 
0.000000 
0.000000 
0.000000 
0.000000 
0.000000 
0.000001 
0.000002 
0.000005 
0.000008 
0.000005 
0.000002 
0.000001 
0.000000 
0.000000 
0.000000 
0.000000 
0.000000 
0.000000 
0.000000 
0.000000 
0.000000 
0.000000 
0.000000 
0.000000 
0.000000 
0.000000 
0.000000 
0.000000 
0.000000 
0.000001 
0.000005 
0.000016 
0.000042 
0.000065 
0.000042 
0.000016 
0.000005 
0.000001 
0.000000 
0.000000 
0.000000 
0.000000 
0.000000 
0.000000 
0.000000 
0.000000 
0.000000 
0.000000 
0.000000 
0.000000 
0.000000 
0.000000 
0.000000 
0.000001 
0.000007 
0.000031 
0.000114 
0.000297 
0.000466 
0.000297 
0.000114 
0.000031 
0.000007 
0.000001 
0.000000 
0.000000 
0.000000 
0.000000 
0.000000 
0.000000 
0.000000 
0.000000 
0.000000 
0.000000 
0.000000 
0.000000 
0.000000 
0.000001 
0.000007 
0.000039 
0.000184 
0.000681 
0.001802 
0.002867 
0.001802 
0.000681 
0.000184 
0.000039 
0.000007 
0.000000 
0.000000 
0.000000 
0.000000 
0.000000 
0.000000 
0.000000 
0.000000 
0.000000 
0.000000 
0.000000 
0.000000 
0.000001 
0.000005 
0.000031 
0.000184 
0.000888 
0.003350 
0.009041 
0.014610 
0.009041 
0.003350 
0.000888 
0.000184 
0.000031 
0.000000 
0.000000 
0.000000 
0.000000 
0.000000 
0.000000 
0.000000 
0.000000 
0.000000 
0.000000 
0.000000 
0.000000 
0.000002 
0.000016 
0.000114 
0.000681 
0.003350 
0.012911 
0.035582 
0.058414 
0.035582 
0.012911 
0.003350 
0.000681 
0.000112 
0.000000 
0.000000 
0.000000 
0.000000 
0.000000 
0.000000 
0.000000 
0.000000 
0.000000 
0.000000 
0.000000 
0.000001 
0.000005 
0.000042 
0.000297 
0.001802 
0.009041 
0.035582 
0.100047 
0.166645 
0.100047 
0.035582 
0.009041 
0.001801 
0.000292 
0.000000 
0.000000 
0.000000 
0.000000 
0.000000 
0.000000 
0.000000 
0.000000 
0.000000 
0.000000 
0.000000 
0.000001 
0.000008 
0.000065 
0.000466 
0.002867 
0.014610 
0.058414 
0.166645 
0.280396 
0.166645 
0.058414 
0.014610 
0.002866 
0.000458 
0.000000 
0.000000 
0.000000 
0.000000 
0.000000 
0.000000 
0.000000 
0.000000 
0.000000 
0.000000 
0.000000 
0.000001 
0.000005 
0.000042 
0.000297 
0.001802 
0.009041 
0.035582 
0.100047 
0.166645 
0.100047 
0.035582 
0.009041 
0.001801 
0.000292 
0.000000 
0.000000 
0.000000 
0.000000 
0.000000 
0.000000 
0.000000 
0.000000 
0.000000 
0.000000 
0.000000 
0.000000 
0.000002 
0.000016 
0.000114 
0.000681 
0.003350 
0.012911 
0.035582 
0.058414 
0.035582 
0.012911 
0.003350 
0.000681 
0.000112 
0.000000 
0.000000 
0.000000 
0.000000 
0.000000 
0.000000 
0.000000 
0.000000 
0.000000 
0.000000 
0.000000 
0.000000 
0.000001 
0.000005 
0.000031 
0.000184 
0.000888 
0.003350 
0.009041 
0.014610 
0.009041 
0.003350 
0.000888 
0.000184 
0.000031 
0.000000 
0.000000 
0.000000 
0.000000 
0.000000 
0.000000 
0.000000 
0.000000 
0.000000 
0.000000 
0.000000 
0.000000 
0.000000 
0.000001 
0.000007 
0.000039 
0.000184 
0.000681 
0.001801 
0.002866 
0.001801 
0.000681 
0.000184 
0.000039 
0.000007 
0.000000 
0.000000 
0.000000 
0.000000 
0.000000 
0.000000 
0.000000 
0.000000 
0.000000 
0.000000 
0.000000 
0.000000 
0.000000 
0.000000 
0.000001 
0.000007 
0.000031 
0.000112 
0.000292 
0.000458 
0.000292 
0.000112 
0.000031 
0.000007 
0.000001 
