25.000000 25.000000 1.000000
0.000023 
0.000187 
0.001135 
0.004633 
0.010120 
0.004633 
0.001135 
0.000187 
0.000023 
0.000002 
0.000000 
0.000000 
0.000000 
0.000000 
0.000000 
0.000000 
0.000000 
0.000000 
0.000000 
0.000000 
0.000000 
0.000000 
0.000000 
0.000000 
0.000000 
0.000187 
0.001513 
0.009080 
0.036725 
0.079571 
0.036725 
0.009080 
0.001513 
0.000189 
0.000019 
0.000002 
0.000000 
0.000000 
0.000000 
0.000000 
0.000000 
0.000000 
0.000000 
0.000000 
0.000000 
0.000000 
0.000000 
0.000000 
0.000000 
0.000000 
0.001135 
0.009080 
0.053966 
0.216161 
0.464478 
0.216161 
0.053966 
0.009081 
0.001144 
0.000115 
0.000010 
0.000001 
0.000000 
0.000000 
0.000000 
0.000000 
0.000000 
0.000000 
0.000000 
0.000000 
0.000000 
0.000000 
0.000000 
0.000000 
0.000000 
0.004633 
0.036725 
0.216161 
0.857752 
1.828509 
0.857752 
0.216161 
0.036728 
0.004672 
0.000473 
0.000040 
0.000003 
0.000000 
0.000000 
0.000000 
0.000000 
0.000000 
0.000000 
0.000000 
0.000000 
0.000000 
0.000000 
0.000000 
0.000000 
0.000000 
0.010120 
0.079571 
0.464478 
1.828509 
3.872079 
1.828509 
0.464478 
0.079578 
0.010208 
0.001041 
0.000088 
0.000006 
0.000000 
0.000000 
0.000000 
0.000000 
0.000000 
0.000000 
0.000000 
0.000000 
0.000000 
0.000000 
0.000000 
0.000000 
0.000000 
0.004633 
0.036725 
0.216161 
0.857752 
1.828509 
0.857752 
0.216161 
0.036728 
0.004672 
0.000473 
0.000040 
0.000003 
0.000000 
0.000000 
0.000000 
0.000000 
0.000000 
0.000000 
0.000000 
0.000000 
0.000000 
0.000000 
0.000000 
0.000000 
0.000000 
0.001135 
0.009080 
0.053966 
0.216161 
0.464478 
0.216161 
0.053966 
0.009081 
0.001144 
0.000115 
0.000010 
0.000001 
0.000000 
0.000000 
0.000000 
0.000000 
0.000000 
0.000000 
0.000000 
0.000000 
0.000000 
0.000000 
0.000000 
0.000000 
0.000000 
0.000187 
0.001513 
0.009081 
0.036728 
0.079578 
0.036728 
0.009081 
0.001513 
0.000189 
0.000019 
0.000002 
0.000000 
0.000000 
0.000000 
0.000000 
0.000000 
0.000000 
0.000000 
0.000000 
0.000000 
0.000000 
0.000000 
0.000000 
0.000000 
0.000000 
0.000023 
0.000189 
0.001144 
0.004672 
0.010208 
0.004672 
0.001144 
0.000189 
0.000023 
0.000002 
0.000000 
0.000000 
0.000000 
0.000000 
0.000000 
0.000000 
0.000000 
0.000000 
0.000000 
0.000000 
0.000000 
0.000000 
0.000000 
0.000000 
0.000000 
0.000002 
0.000019 
0.000115 
0.000473 
0.001041 
0.000473 
0.000115 
0.000019 
0.000002 
0.000000 
0.000000 
0.000000 
0.000000 
0.000000 
0.000000 
0.000000 
0.000000 
0.000000 
0.000000 
0.000000 
0.000000 
0.000000 
0.000000 
0.000000 
0.000000 
0.000000 
0.000002 
0.000010 
0.000040 
0.000088 
0.000040 
0.000010 
0.000002 
0.000000 
0.000000 
0.000000 
0.000000 
0.000000 
0.000000 
0.000000 
0.000000 
0.000000 
0.000000 
0.000000 
0.000000 
0.000000 
0.000000 
0.000000 
0.000000 
0.000000 
0.000000 
0.000000 
0.000001 
0.000003 
0.000006 
0.000003 
0.000001 
0.000000 
0.000000 
0.000000 
0.000000 
0.000000 
0.000000 
0.000000 
0.000000 
0.000000 
0.000000 
0.000000 
0.000000 
0.000001 
0.000000 
0.000000 
0.000000 
0.000000 
0.000000 
0.000000 
0.000000 
0.000000 
0.000000 
0.000000 
0.000000 
0.000000 
0.000000 
0.000000 
0.000000 
0.000000 
0.000000 
0.000000 
0.000000 
0.000000 
0.000000 
0.000000 
0.000001 
0.000004 
0.000006 
0.000004 
0.000001 
0.000000 
0.000000 
0.000000 
0.000000 
0.000000 
0.000000 
0.000000 
0.000000 
0.000000 
0.000000 
0.000000 
0.000000 
0.000000 
0.000000 
0.000000 
0.000000 
0.000000 
0.000000 
0.000001 
0.000003 
0.000013 
0.000034 
0.000054 
0.000034 
0.000013 
0.000003 
0.000001 
0.000000 
0.000000 
0.000000 
0.000000 
0.000000 
0.000000 
0.000000 
0.000000 
0.000000 
0.000000 
0.000000 
0.000000 
0.000000 
0.000000 
0.000000 
0.000001 
0.000005 
0.000024 
0.000093 
0.000251 
0.000406 
0.000251 
0.000093 
0.000024 
0.000005 
0.000001 
0.000000 
0.000000 
0.000000 
0.000000 
0.000000 
0.000000 
0.000000 
0.000000 
0.000000 
0.000000 
0.000000 
0.000000 
0.000000 
0.000001 
0.000005 
0.000030 
0.000149 
0.000581 
0.001603 
0.002630 
0.001603 
0.000581 
0.000149 
0.000030 
0.000005 
0.000000 
0.000000 
0.000000 
0.000000 
0.000000 
0.000000 
0.000000 
0.000000 
0.000000 
0.000000 
0.000000 
0.000000 
0.000000 
0.000003 
0.000024 
0.000149 
0.000758 
0.003000 
0.008448 
0.014075 
0.008448 
0.003000 
0.000758 
0.000149 
0.000024 
0.000000 
0.000000 
0.000000 
0.000000 
0.000000 
0.000000 
0.000000 
0.000000 
0.000000 
0.000000 
0.000000 
0.000000 
0.000001 
0.000013 
0.000093 
0.000581 
0.003000 
0.012114 
0.034829 
0.058987 
0.034829 
0.012114 
0.003000 
0.000580 
0.000091 
0.000000 
0.000000 
0.000000 
0.000000 
0.000000 
0.000000 
0.000000 
0.000000 
0.000000 
0.000000 
0.000000 
0.000000 
0.000004 
0.000034 
0.000251 
0.001603 
0.008448 
0.034829 
0.102192 
0.175726 
0.102192 
0.034829 
0.008447 
0.001603 
0.000247 
0.000000 
0.000000 
0.000000 
0.000000 
0.000000 
0.000000 
0.000000 
0.000000 
0.000000 
0.000000 
0.000000 
0.000001 
0.000006 
0.000054 
0.000406 
0.002630 
0.014075 
0.058987 
0.175726 
0.305495 
0.175726 
0.058987 
0.014075 
0.002629 
0.000400 
0.000000 
0.000000 
0.000000 
0.000000 
0.000000 
0.000000 
0.000000 
0.000000 
0.000000 
0.000000 
0.000000 
0.000000 
0.000004 
0.000034 
0.000251 
0.001603 
0.008448 
0.034829 
0.102192 
0.175726 
0.102192 
0.034829 
0.008447 
0.001603 
0.000247 
0.000000 
0.000000 
0.000000 
0.000000 
0.000000 
0.000000 
0.000000 
0.000000 
0.000000 
0.000000 
0.000000 
0.000000 
0.000001 
0.000013 
0.000093 
0.000581 
0.003000 
0.012114 
0.034829 
0.058987 
0.034829 
0.012114 
0.003000 
0.000580 
0.000091 
0.000000 
0.000000 
0.000000 
0.000000 
0.000000 
0.000000 
0.000000 
0.000000 
0.000000 
0.000000 
0.000000 
0.000000 
0.000000 
0.000003 
0.000024 
0.000149 
0.000758 
0.003000 
0.008447 
0.014075 
0.008447 
0.003000 
0.000758 
0.000149 
0.000024 
0.000000 
0.000000 
0.000000 
0.000000 
0.000000 
0.000000 
0.000000 
0.000000 
0.000000 
0.000000 
0.000000 
0.000000 
0.000000 
0.000001 
0.000005 
0.000030 
0.000149 
0.000580 
0.001603 
0.002629 
0.001603 
0.000580 
0.000149 
0.000030 
0.000005 
0.000000 
0.000000 
0.000000 
0.000000 
0.000000 
0.000000 
0.000000 
0.000000 
0.000000 
0.000000 
0.000000 
0.000000 
0.000000 
0.000000 
0.000001 
0.000005 
0.000024 
0.000091 
0.000247 
0.000400 
0.000247 
0.000091 
0.000024 
0.000005 
0.000001 
