25.000000 25.000000 1.000000
0.000023 
0.000108 
0.000382 
0.000972 
0.001506 
0.000972 
0.000382 
0.000108 
0.000024 
0.000004 
0.000001 
0.000000 
0.000000 
0.000000 
0.000000 
0.000000 
0.000000 
0.000000 
0.000000 
0.000000 
0.000000 
0.000000 
0.000000 
0.000000 
0.000000 
0.000108 
0.000509 
0.001841 
0.004779 
0.007512 
0.004779 
0.001841 
0.000510 
0.000111 
0.000020 
0.000003 
0.000000 
0.000000 
0.000000 
0.000000 
0.000000 
0.000000 
0.000000 
0.000000 
0.000000 
0.000000 
0.000000 
0.000000 
0.000000 
0.000000 
0.000382 
0.001841 
0.006800 
0.018021 
0.028763 
0.018021 
0.006800 
0.001843 
0.000392 
0.000069 
0.000010 
0.000001 
0.000000 
0.000000 
0.000000 
0.000000 
0.000000 
0.000000 
0.000000 
0.000000 
0.000000 
0.000000 
0.000000 
0.000000 
0.000000 
0.000972 
0.004779 
0.018021 
0.048710 
0.078824 
0.048710 
0.018021 
0.004782 
0.000997 
0.000173 
0.000026 
0.000003 
0.000000 
0.000000 
0.000000 
0.000000 
0.000000 
0.000000 
0.000000 
0.000000 
0.000000 
0.000000 
0.000000 
0.000000 
0.000000 
0.001506 
0.007512 
0.028763 
0.078824 
0.128751 
0.078824 
0.028764 
0.007517 
0.001544 
0.000263 
0.000039 
0.000005 
0.000001 
0.000000 
0.000000 
0.000000 
0.000000 
0.000000 
0.000000 
0.000000 
0.000000 
0.000000 
0.000000 
0.000000 
0.000000 
0.000972 
0.004779 
0.018021 
0.048710 
0.078824 
0.048710 
0.018021 
0.004782 
0.000997 
0.000173 
0.000026 
0.000003 
0.000000 
0.000000 
0.000000 
0.000000 
0.000000 
0.000000 
0.000000 
0.000000 
0.000000 
0.000000 
0.000000 
0.000000 
0.000000 
0.000382 
0.001841 
0.006800 
0.018021 
0.028764 
0.018021 
0.006800 
0.001843 
0.000392 
0.000069 
0.000010 
0.000001 
0.000000 
0.000000 
0.000000 
0.000000 
0.000000 
0.000000 
0.000000 
0.000000 
0.000000 
0.000000 
0.000000 
0.000000 
0.000000 
0.000108 
0.000510 
0.001843 
0.004782 
0.007517 
0.004782 
0.001843 
0.000510 
0.000111 
0.000020 
0.000003 
0.000000 
0.000000 
0.000000 
0.000000 
0.000000 
0.000000 
0.000000 
0.000000 
0.000000 
0.000000 
0.000000 
0.000000 
0.000000 
0.000000 
0.000024 
0.000111 
0.000392 
0.000997 
0.001544 
0.000997 
0.000392 
0.000111 
0.000024 
0.000004 
0.000001 
0.000000 
0.000000 
0.000000 
0.000000 
0.000000 
0.000000 
0.000000 
0.000000 
0.000000 
0.000000 
0.000000 
0.000000 
0.000000 
0.000000 
0.000004 
0.000020 
0.000069 
0.000173 
0.000263 
0.000173 
0.000069 
0.000020 
0.000004 
0.000001 
0.000000 
0.000000 
0.000000 
0.000000 
0.000000 
0.000000 
0.000000 
0.000000 
0.000000 
0.000000 
0.000000 
0.000000 
0.000000 
0.000000 
0.000000 
0.000001 
0.000003 
0.000010 
0.000026 
0.000039 
0.000026 
0.000010 
0.000003 
0.000001 
0.000000 
0.000000 
0.000000 
0.000000 
0.000000 
0.000000 
0.000000 
0.000000 
0.000001 
0.000001 
0.000002 
0.000001 
0.000001 
0.000000 
0.000000 
0.000000 
0.000000 
0.000000 
0.000001 
0.000003 
0.000005 
0.000003 
0.000001 
0.000000 
0.000000 
0.000000 
0.000000 
0.000000 
0.000000 
0.000000 
0.000000 
0.000000 
0.000002 
0.000005 
0.000011 
0.000016 
0.000011 
0.000005 
0.000002 
0.000000 
0.000000 
0.000000 
0.000000 
0.000000 
0.000000 
0.000001 
0.000000 
0.000000 
0.000000 
0.000000 
0.000000 
0.000000 
0.000000 
0.000000 
0.000000 
0.000001 
0.000004 
0.000013 
0.000039 
0.000083 
0.000111 
0.000083 
0.000039 
0.000013 
0.000004 
0.000001 
0.000000 
0.000000 
0.000000 
0.000000 
0.000000 
0.000000 
0.000000 
0.000000 
0.000000 
0.000000 
0.000000 
0.000000 
0.000000 
0.000001 
0.000005 
0.000023 
0.000085 
0.000247 
0.000517 
0.000696 
0.000517 
0.000247 
0.000085 
0.000023 
0.000005 
0.000000 
0.000000 
0.000000 
0.000000 
0.000000 
0.000000 
0.000000 
0.000000 
0.000000 
0.000000 
0.000000 
0.000000 
0.000001 
0.000005 
0.000027 
0.000124 
0.000463 
0.001336 
0.002772 
0.003715 
0.002772 
0.001336 
0.000463 
0.000124 
0.000026 
0.000000 
0.000000 
0.000000 
0.000000 
0.000000 
0.000000 
0.000000 
0.000000 
0.000000 
0.000000 
0.000000 
0.000000 
0.000004 
0.000023 
0.000124 
0.000568 
0.002105 
0.006020 
0.012414 
0.016576 
0.012414 
0.006020 
0.002105 
0.000568 
0.000120 
0.000000 
0.000000 
0.000000 
0.000000 
0.000000 
0.000000 
0.000000 
0.000000 
0.000000 
0.000000 
0.000000 
0.000002 
0.000013 
0.000085 
0.000463 
0.002105 
0.007733 
0.021954 
0.044995 
0.059887 
0.044995 
0.021954 
0.007733 
0.002103 
0.000450 
0.000000 
0.000000 
0.000000 
0.000000 
0.000000 
0.000000 
0.000000 
0.000000 
0.000000 
0.000000 
0.000001 
0.000005 
0.000039 
0.000247 
0.001336 
0.006020 
0.021954 
0.061913 
0.126213 
0.167522 
0.126213 
0.061913 
0.021953 
0.006015 
0.001296 
0.000000 
0.000000 
0.000000 
0.000000 
0.000000 
0.000000 
0.000000 
0.000000 
0.000000 
0.000000 
0.000001 
0.000011 
0.000083 
0.000517 
0.002772 
0.012414 
0.044995 
0.126213 
0.256211 
0.339359 
0.256211 
0.126213 
0.044993 
0.012402 
0.002690 
0.000000 
0.000000 
0.000000 
0.000000 
0.000000 
0.000000 
0.000000 
0.000000 
0.000000 
0.000000 
0.000002 
0.000016 
0.000111 
0.000696 
0.003715 
0.016576 
0.059887 
0.167522 
0.339359 
0.449059 
0.339359 
0.167521 
0.059885 
0.016560 
0.003603 
0.000000 
0.000000 
0.000000 
0.000000 
0.000000 
0.000000 
0.000000 
0.000000 
0.000000 
0.000000 
0.000001 
0.000011 
0.000083 
0.000517 
0.002772 
0.012414 
0.044995 
0.126213 
0.256211 
0.339359 
0.256211 
0.126213 
0.044993 
0.012402 
0.002690 
0.000000 
0.000000 
0.000000 
0.000000 
0.000000 
0.000000 
0.000000 
0.000000 
0.000000 
0.000000 
0.000001 
0.000005 
0.000039 
0.000247 
0.001336 
0.006020 
0.021954 
0.061913 
0.126213 
0.167521 
0.126213 
0.061913 
0.021953 
0.006015 
0.001296 
0.000000 
0.000000 
0.000000 
0.000000 
0.000000 
0.000000 
0.000000 
0.000000 
0.000000 
0.000000 
0.000000 
0.000002 
0.000013 
0.000085 
0.000463 
0.002105 
0.007733 
0.021953 
0.044993 
0.059885 
0.044993 
0.021953 
0.007732 
0.002103 
0.000450 
0.000000 
0.000000 
0.000000 
0.000000 
0.000000 
0.000000 
0.000000 
0.000000 
0.000000 
0.000000 
0.000000 
0.000000 
0.000004 
0.000023 
0.000124 
0.000568 
0.002103 
0.006015 
0.012402 
0.016560 
0.012402 
0.006015 
0.002103 
0.000567 
0.000120 
0.000000 
0.000000 
0.000000 
0.000000 
0.000000 
0.000000 
0.000000 
0.000000 
0.000000 
0.000000 
0.000000 
0.000000 
0.000001 
0.000005 
0.000026 
0.000120 
0.000450 
0.001296 
0.002690 
0.003603 
0.002690 
0.001296 
0.000450 
0.000120 
0.000025 
