25.000000 25.000000 1.000000
0.000010 
0.000055 
0.000229 
0.000669 
0.001143 
0.000669 
0.000229 
0.000055 
0.000010 
0.000002 
0.000000 
0.000000 
0.000000 
0.000000 
0.000000 
0.000000 
0.000000 
0.000000 
0.000000 
0.000000 
0.000000 
0.000000 
0.000000 
0.000000 
0.000000 
0.000055 
0.000305 
0.001284 
0.003823 
0.006639 
0.003823 
0.001284 
0.000305 
0.000056 
0.000008 
0.000001 
0.000000 
0.000000 
0.000000 
0.000000 
0.000000 
0.000000 
0.000000 
0.000000 
0.000000 
0.000000 
0.000000 
0.000000 
0.000000 
0.000000 
0.000229 
0.001284 
0.005511 
0.016752 
0.029586 
0.016752 
0.005511 
0.001284 
0.000233 
0.000035 
0.000004 
0.000000 
0.000000 
0.000000 
0.000000 
0.000000 
0.000000 
0.000000 
0.000000 
0.000000 
0.000000 
0.000000 
0.000000 
0.000000 
0.000000 
0.000669 
0.003823 
0.016752 
0.051975 
0.093274 
0.051975 
0.016752 
0.003824 
0.000681 
0.000100 
0.000012 
0.000001 
0.000000 
0.000000 
0.000000 
0.000000 
0.000000 
0.000000 
0.000000 
0.000000 
0.000000 
0.000000 
0.000000 
0.000000 
0.000000 
0.001143 
0.006639 
0.029586 
0.093274 
0.169400 
0.093274 
0.029587 
0.006641 
0.001164 
0.000168 
0.000021 
0.000002 
0.000000 
0.000000 
0.000000 
0.000000 
0.000000 
0.000000 
0.000000 
0.000000 
0.000000 
0.000000 
0.000000 
0.000000 
0.000000 
0.000669 
0.003823 
0.016752 
0.051975 
0.093274 
0.051975 
0.016752 
0.003824 
0.000681 
0.000100 
0.000012 
0.000001 
0.000000 
0.000000 
0.000000 
0.000000 
0.000000 
0.000000 
0.000000 
0.000000 
0.000000 
0.000000 
0.000000 
0.000000 
0.000000 
0.000229 
0.001284 
0.005511 
0.016752 
0.029587 
0.016752 
0.005511 
0.001284 
0.000233 
0.000035 
0.000004 
0.000000 
0.000000 
0.000000 
0.000000 
0.000000 
0.000000 
0.000000 
0.000000 
0.000000 
0.000000 
0.000000 
0.000000 
0.000000 
0.000000 
0.000055 
0.000305 
0.001284 
0.003824 
0.006641 
0.003824 
0.001284 
0.000305 
0.000056 
0.000008 
0.000001 
0.000000 
0.000000 
0.000000 
0.000000 
0.000000 
0.000000 
0.000000 
0.000000 
0.000000 
0.000000 
0.000000 
0.000000 
0.000000 
0.000000 
0.000010 
0.000056 
0.000233 
0.000681 
0.001164 
0.000681 
0.000233 
0.000056 
0.000011 
0.000002 
0.000000 
0.000000 
0.000000 
0.000000 
0.000000 
0.000000 
0.000000 
0.000000 
0.000000 
0.000000 
0.000000 
0.000000 
0.000000 
0.000000 
0.000000 
0.000002 
0.000008 
0.000035 
0.000100 
0.000168 
0.000100 
0.000035 
0.000008 
0.000002 
0.000000 
0.000000 
0.000000 
0.000000 
0.000000 
0.000000 
0.000000 
0.000000 
0.000000 
0.000000 
0.000000 
0.000000 
0.000000 
0.000000 
0.000000 
0.000000 
0.000000 
0.000001 
0.000004 
0.000012 
0.000021 
0.000012 
0.000004 
0.000001 
0.000000 
0.000000 
0.000000 
0.000000 
0.000000 
0.000000 
0.000000 
0.000000 
0.000000 
0.000000 
0.000001 
0.000001 
0.000001 
0.000000 
0.000000 
0.000000 
0.000000 
0.000000 
0.000000 
0.000000 
0.000001 
0.000002 
0.000001 
0.000000 
0.000000 
0.000000 
0.000000 
0.000000 
0.000000 
0.000000 
0.000000 
0.000000 
0.000000 
0.000001 
0.000002 
0.000005 
0.000008 
0.000005 
0.000002 
0.000001 
0.000000 
0.000000 
0.000000 
0.000000 
0.000000 
0.000000 
0.000000 
0.000000 
0.000000 
0.000000 
0.000000 
0.000000 
0.000000 
0.000000 
0.000000 
0.000000 
0.000000 
0.000001 
0.000005 
0.000019 
0.000046 
0.000068 
0.000046 
0.000019 
0.000005 
0.000001 
0.000000 
0.000000 
0.000000 
0.000000 
0.000000 
0.000000 
0.000000 
0.000000 
0.000000 
0.000000 
0.000000 
0.000000 
0.000000 
0.000000 
0.000000 
0.000002 
0.000009 
0.000042 
0.000145 
0.000350 
0.000512 
0.000350 
0.000145 
0.000042 
0.000009 
0.000002 
0.000000 
0.000000 
0.000000 
0.000000 
0.000000 
0.000000 
0.000000 
0.000000 
0.000000 
0.000000 
0.000000 
0.000000 
0.000000 
0.000002 
0.000011 
0.000062 
0.000277 
0.000943 
0.002249 
0.003273 
0.002249 
0.000943 
0.000277 
0.000062 
0.000011 
0.000000 
0.000000 
0.000000 
0.000000 
0.000000 
0.000000 
0.000000 
0.000000 
0.000000 
0.000000 
0.000000 
0.000000 
0.000001 
0.000009 
0.000062 
0.000342 
0.001510 
0.005075 
0.012000 
0.017358 
0.012000 
0.005075 
0.001510 
0.000342 
0.000061 
0.000000 
0.000000 
0.000000 
0.000000 
0.000000 
0.000000 
0.000000 
0.000000 
0.000000 
0.000000 
0.000000 
0.000001 
0.000005 
0.000042 
0.000277 
0.001510 
0.006588 
0.021923 
0.051381 
0.073929 
0.051381 
0.021923 
0.006588 
0.001509 
0.000272 
0.000000 
0.000000 
0.000000 
0.000000 
0.000000 
0.000000 
0.000000 
0.000000 
0.000000 
0.000000 
0.000000 
0.000002 
0.000019 
0.000145 
0.000943 
0.005075 
0.021923 
0.072265 
0.168019 
0.240597 
0.168019 
0.072265 
0.021923 
0.005073 
0.000924 
0.000000 
0.000000 
0.000000 
0.000000 
0.000000 
0.000000 
0.000000 
0.000000 
0.000000 
0.000000 
0.000001 
0.000005 
0.000046 
0.000350 
0.002249 
0.012000 
0.051381 
0.168019 
0.388046 
0.553484 
0.388046 
0.168019 
0.051381 
0.011995 
0.002203 
0.000000 
0.000000 
0.000000 
0.000000 
0.000000 
0.000000 
0.000000 
0.000000 
0.000000 
0.000000 
0.000001 
0.000008 
0.000068 
0.000512 
0.003273 
0.017358 
0.073929 
0.240597 
0.553484 
0.787699 
0.553484 
0.240597 
0.073929 
0.017350 
0.003204 
0.000000 
0.000000 
0.000000 
0.000000 
0.000000 
0.000000 
0.000000 
0.000000 
0.000000 
0.000000 
0.000001 
0.000005 
0.000046 
0.000350 
0.002249 
0.012000 
0.051381 
0.168019 
0.388046 
0.553484 
0.388046 
0.168019 
0.051381 
0.011995 
0.002203 
0.000000 
0.000000 
0.000000 
0.000000 
0.000000 
0.000000 
0.000000 
0.000000 
0.000000 
0.000000 
0.000000 
0.000002 
0.000019 
0.000145 
0.000943 
0.005075 
0.021923 
0.072265 
0.168019 
0.240597 
0.168019 
0.072265 
0.021923 
0.005073 
0.000924 
0.000000 
0.000000 
0.000000 
0.000000 
0.000000 
0.000000 
0.000000 
0.000000 
0.000000 
0.000000 
0.000000 
0.000001 
0.000005 
0.000042 
0.000277 
0.001510 
0.006588 
0.021923 
0.051381 
0.073929 
0.051381 
0.021923 
0.006588 
0.001509 
0.000272 
0.000000 
0.000000 
0.000000 
0.000000 
0.000000 
0.000000 
0.000000 
0.000000 
0.000000 
0.000000 
0.000000 
0.000000 
0.000001 
0.000009 
0.000062 
0.000342 
0.001509 
0.005073 
0.011995 
0.017350 
0.011995 
0.005073 
0.001509 
0.000342 
0.000061 
0.000000 
0.000000 
0.000000 
0.000000 
0.000000 
0.000000 
0.000000 
0.000000 
0.000000 
0.000000 
0.000000 
0.000000 
0.000000 
0.000002 
0.000011 
0.000061 
0.000272 
0.000924 
0.002203 
0.003204 
0.002203 
0.000924 
0.000272 
0.000061 
0.000011 
