25.000000 25.000000 1.000000
0.000003 
0.000019 
0.000099 
0.000354 
0.000708 
0.000354 
0.000099 
0.000019 
0.000003 
0.000000 
0.000000 
0.000000 
0.000000 
0.000000 
0.000000 
0.000000 
0.000000 
0.000000 
0.000000 
0.000000 
0.000000 
0.000000 
0.000000 
0.000000 
0.000000 
0.000019 
0.000132 
0.000690 
0.002504 
0.005075 
0.002504 
0.000690 
0.000132 
0.000019 
0.000002 
0.000000 
0.000000 
0.000000 
0.000000 
0.000000 
0.000000 
0.000000 
0.000000 
0.000000 
0.000000 
0.000000 
0.000000 
0.000000 
0.000000 
0.000000 
0.000099 
0.000690 
0.003658 
0.013514 
0.027863 
0.013514 
0.003658 
0.000690 
0.000100 
0.000012 
0.000001 
0.000000 
0.000000 
0.000000 
0.000000 
0.000000 
0.000000 
0.000000 
0.000000 
0.000000 
0.000000 
0.000000 
0.000000 
0.000000 
0.000000 
0.000354 
0.002504 
0.013514 
0.050915 
0.106807 
0.050915 
0.013514 
0.002504 
0.000358 
0.000042 
0.000004 
0.000000 
0.000000 
0.000000 
0.000000 
0.000000 
0.000000 
0.000000 
0.000000 
0.000000 
0.000000 
0.000000 
0.000000 
0.000000 
0.000000 
0.000708 
0.005075 
0.027863 
0.106807 
0.227314 
0.106807 
0.027863 
0.005075 
0.000716 
0.000083 
0.000008 
0.000001 
0.000000 
0.000000 
0.000000 
0.000000 
0.000000 
0.000000 
0.000000 
0.000000 
0.000000 
0.000000 
0.000000 
0.000000 
0.000000 
0.000354 
0.002504 
0.013514 
0.050915 
0.106807 
0.050915 
0.013514 
0.002504 
0.000358 
0.000042 
0.000004 
0.000000 
0.000000 
0.000000 
0.000000 
0.000000 
0.000000 
0.000000 
0.000000 
0.000000 
0.000000 
0.000000 
0.000000 
0.000000 
0.000000 
0.000099 
0.000690 
0.003658 
0.013514 
0.027863 
0.013514 
0.003658 
0.000690 
0.000100 
0.000012 
0.000001 
0.000000 
0.000000 
0.000000 
0.000000 
0.000000 
0.000000 
0.000000 
0.000000 
0.000000 
0.000000 
0.000000 
0.000000 
0.000000 
0.000000 
0.000019 
0.000132 
0.000690 
0.002504 
0.005075 
0.002504 
0.000690 
0.000132 
0.000019 
0.000002 
0.000000 
0.000000 
0.000000 
0.000000 
0.000000 
0.000000 
0.000000 
0.000000 
0.000000 
0.000000 
0.000000 
0.000000 
0.000000 
0.000000 
0.000000 
0.000003 
0.000019 
0.000100 
0.000358 
0.000716 
0.000358 
0.000100 
0.000019 
0.000003 
0.000000 
0.000000 
0.000000 
0.000000 
0.000000 
0.000000 
0.000000 
0.000000 
0.000000 
0.000000 
0.000000 
0.000000 
0.000000 
0.000000 
0.000000 
0.000000 
0.000000 
0.000002 
0.000012 
0.000042 
0.000083 
0.000042 
0.000012 
0.000002 
0.000000 
0.000000 
0.000000 
0.000000 
0.000000 
0.000000 
0.000000 
0.000000 
0.000000 
0.000000 
0.000000 
0.000000 
0.000000 
0.000000 
0.000000 
0.000000 
0.000000 
0.000000 
0.000000 
0.000001 
0.000004 
0.000008 
0.000004 
0.000001 
0.000000 
0.000000 
0.000000 
0.000000 
0.000000 
0.000000 
0.000000 
0.000000 
0.000000 
0.000000 
0.000000 
0.000000 
0.000000 
0.000000 
0.000000 
0.000000 
0.000000 
0.000000 
0.000000 
0.000000 
0.000000 
0.000000 
0.000001 
0.000000 
0.000000 
0.000000 
0.000000 
0.000000 
0.000000 
0.000000 
0.000000 
0.000000 
0.000000 
0.000000 
0.000000 
0.000001 
0.000002 
0.000003 
0.000002 
0.000001 
0.000000 
0.000000 
0.000000 
0.000000 
0.000000 
0.000000 
0.000000 
0.000000 
0.000000 
0.000000 
0.000000 
0.000000 
0.000000 
0.000000 
0.000000 
0.000000 
0.000000 
0.000000 
0.000000 
0.000001 
0.000006 
0.000018 
0.000030 
0.000018 
0.000006 
0.000001 
0.000000 
0.000000 
0.000000 
0.000000 
0.000000 
0.000000 
0.000000 
0.000000 
0.000000 
0.000000 
0.000000 
0.000000 
0.000000 
0.000000 
0.000000 
0.000000 
0.000000 
0.000002 
0.000013 
0.000058 
0.000173 
0.000292 
0.000173 
0.000058 
0.000013 
0.000002 
0.000000 
0.000000 
0.000000 
0.000000 
0.000000 
0.000000 
0.000000 
0.000000 
0.000000 
0.000000 
0.000000 
0.000000 
0.000000 
0.000000 
0.000000 
0.000003 
0.000020 
0.000113 
0.000485 
0.001422 
0.002376 
0.001422 
0.000485 
0.000113 
0.000020 
0.000003 
0.000000 
0.000000 
0.000000 
0.000000 
0.000000 
0.000000 
0.000000 
0.000000 
0.000000 
0.000000 
0.000000 
0.000000 
0.000000 
0.000002 
0.000020 
0.000140 
0.000789 
0.003330 
0.009627 
0.015930 
0.009627 
0.003330 
0.000789 
0.000140 
0.000020 
0.000000 
0.000000 
0.000000 
0.000000 
0.000000 
0.000000 
0.000000 
0.000000 
0.000000 
0.000000 
0.000000 
0.000000 
0.000001 
0.000013 
0.000113 
0.000789 
0.004365 
0.018161 
0.051824 
0.084971 
0.051824 
0.018161 
0.004365 
0.000789 
0.000112 
0.000000 
0.000000 
0.000000 
0.000000 
0.000000 
0.000000 
0.000000 
0.000000 
0.000000 
0.000000 
0.000000 
0.000001 
0.000006 
0.000058 
0.000485 
0.003330 
0.018161 
0.074518 
0.210056 
0.341472 
0.210056 
0.074518 
0.018161 
0.003329 
0.000479 
0.000000 
0.000000 
0.000000 
0.000000 
0.000000 
0.000000 
0.000000 
0.000000 
0.000000 
0.000000 
0.000000 
0.000002 
0.000018 
0.000173 
0.001422 
0.009627 
0.051824 
0.210056 
0.585733 
0.945091 
0.585733 
0.210056 
0.051824 
0.009625 
0.001404 
0.000000 
0.000000 
0.000000 
0.000000 
0.000000 
0.000000 
0.000000 
0.000000 
0.000000 
0.000000 
0.000000 
0.000003 
0.000030 
0.000292 
0.002376 
0.015930 
0.084971 
0.341472 
0.945091 
1.517269 
0.945091 
0.341472 
0.084970 
0.015927 
0.002345 
0.000000 
0.000000 
0.000000 
0.000000 
0.000000 
0.000000 
0.000000 
0.000000 
0.000000 
0.000000 
0.000000 
0.000002 
0.000018 
0.000173 
0.001422 
0.009627 
0.051824 
0.210056 
0.585733 
0.945091 
0.585733 
0.210056 
0.051824 
0.009625 
0.001404 
0.000000 
0.000000 
0.000000 
0.000000 
0.000000 
0.000000 
0.000000 
0.000000 
0.000000 
0.000000 
0.000000 
0.000001 
0.000006 
0.000058 
0.000485 
0.003330 
0.018161 
0.074518 
0.210056 
0.341472 
0.210056 
0.074518 
0.018161 
0.003329 
0.000479 
0.000000 
0.000000 
0.000000 
0.000000 
0.000000 
0.000000 
0.000000 
0.000000 
0.000000 
0.000000 
0.000000 
0.000000 
0.000001 
0.000013 
0.000113 
0.000789 
0.004365 
0.018161 
0.051824 
0.084970 
0.051824 
0.018161 
0.004365 
0.000789 
0.000112 
0.000000 
0.000000 
0.000000 
0.000000 
0.000000 
0.000000 
0.000000 
0.000000 
0.000000 
0.000000 
0.000000 
0.000000 
0.000000 
0.000002 
0.000020 
0.000140 
0.000789 
0.003329 
0.009625 
0.015927 
0.009625 
0.003329 
0.000789 
0.000140 
0.000020 
0.000000 
0.000000 
0.000000 
0.000000 
0.000000 
0.000000 
0.000000 
0.000000 
0.000000 
0.000000 
0.000000 
0.000000 
0.000000 
0.000000 
0.000003 
0.000020 
0.000112 
0.000479 
0.001404 
0.002345 
0.001404 
0.000479 
0.000112 
0.000020 
0.000003 
