25.000000 25.000000 1.000000
0.000011 
0.000058 
0.000238 
0.000688 
0.001168 
0.000688 
0.000238 
0.000058 
0.000011 
0.000002 
0.000000 
0.000000 
0.000000 
0.000000 
0.000000 
0.000000 
0.000000 
0.000000 
0.000000 
0.000000 
0.000000 
0.000000 
0.000000 
0.000000 
0.000000 
0.000058 
0.000317 
0.001320 
0.003892 
0.006711 
0.003892 
0.001320 
0.000317 
0.000059 
0.000009 
0.000001 
0.000000 
0.000000 
0.000000 
0.000000 
0.000000 
0.000000 
0.000000 
0.000000 
0.000000 
0.000000 
0.000000 
0.000000 
0.000000 
0.000000 
0.000238 
0.001320 
0.005607 
0.016879 
0.029592 
0.016879 
0.005607 
0.001320 
0.000242 
0.000037 
0.000005 
0.000001 
0.000000 
0.000000 
0.000000 
0.000000 
0.000000 
0.000000 
0.000000 
0.000000 
0.000000 
0.000000 
0.000000 
0.000000 
0.000000 
0.000688 
0.003892 
0.016879 
0.051864 
0.092381 
0.051864 
0.016879 
0.003894 
0.000701 
0.000104 
0.000013 
0.000001 
0.000000 
0.000000 
0.000000 
0.000000 
0.000000 
0.000000 
0.000000 
0.000000 
0.000000 
0.000000 
0.000000 
0.000000 
0.000000 
0.001168 
0.006711 
0.029592 
0.092381 
0.166498 
0.092381 
0.029592 
0.006713 
0.001190 
0.000174 
0.000022 
0.000002 
0.000000 
0.000000 
0.000000 
0.000000 
0.000000 
0.000000 
0.000000 
0.000000 
0.000000 
0.000000 
0.000000 
0.000000 
0.000000 
0.000688 
0.003892 
0.016879 
0.051864 
0.092381 
0.051864 
0.016879 
0.003894 
0.000701 
0.000104 
0.000013 
0.000001 
0.000000 
0.000000 
0.000000 
0.000000 
0.000000 
0.000000 
0.000000 
0.000000 
0.000000 
0.000000 
0.000000 
0.000000 
0.000000 
0.000238 
0.001320 
0.005607 
0.016879 
0.029592 
0.016879 
0.005607 
0.001320 
0.000242 
0.000037 
0.000005 
0.000001 
0.000000 
0.000000 
0.000000 
0.000000 
0.000000 
0.000000 
0.000000 
0.000000 
0.000000 
0.000000 
0.000000 
0.000000 
0.000000 
0.000058 
0.000317 
0.001320 
0.003894 
0.006713 
0.003894 
0.001320 
0.000317 
0.000059 
0.000009 
0.000001 
0.000000 
0.000000 
0.000000 
0.000000 
0.000000 
0.000000 
0.000000 
0.000000 
0.000000 
0.000000 
0.000000 
0.000000 
0.000000 
0.000000 
0.000011 
0.000059 
0.000242 
0.000701 
0.001190 
0.000701 
0.000242 
0.000059 
0.000011 
0.000002 
0.000000 
0.000000 
0.000000 
0.000000 
0.000000 
0.000000 
0.000000 
0.000000 
0.000000 
0.000000 
0.000000 
0.000000 
0.000000 
0.000000 
0.000000 
0.000002 
0.000009 
0.000037 
0.000104 
0.000174 
0.000104 
0.000037 
0.000009 
0.000002 
0.000000 
0.000000 
0.000000 
0.000000 
0.000000 
0.000000 
0.000000 
0.000000 
0.000000 
0.000000 
0.000000 
0.000000 
0.000000 
0.000000 
0.000000 
0.000000 
0.000000 
0.000001 
0.000005 
0.000013 
0.000022 
0.000013 
0.000005 
0.000001 
0.000000 
0.000000 
0.000000 
0.000000 
0.000000 
0.000000 
0.000000 
0.000000 
0.000000 
0.000000 
0.000001 
0.000001 
0.000001 
0.000000 
0.000000 
0.000000 
0.000000 
0.000000 
0.000000 
0.000001 
0.000001 
0.000002 
0.000001 
0.000001 
0.000000 
0.000000 
0.000000 
0.000000 
0.000000 
0.000000 
0.000000 
0.000000 
0.000000 
0.000001 
0.000002 
0.000006 
0.000008 
0.000006 
0.000002 
0.000001 
0.000000 
0.000000 
0.000000 
0.000000 
0.000000 
0.000000 
0.000000 
0.000000 
0.000000 
0.000000 
0.000000 
0.000000 
0.000000 
0.000000 
0.000000 
0.000000 
0.000000 
0.000001 
0.000006 
0.000020 
0.000048 
0.000071 
0.000048 
0.000020 
0.000006 
0.000001 
0.000000 
0.000000 
0.000000 
0.000000 
0.000000 
0.000000 
0.000000 
0.000000 
0.000000 
0.000000 
0.000000 
0.000000 
0.000000 
0.000000 
0.000000 
0.000002 
0.000010 
0.000045 
0.000151 
0.000361 
0.000525 
0.000361 
0.000151 
0.000045 
0.000010 
0.000002 
0.000000 
0.000000 
0.000000 
0.000000 
0.000000 
0.000000 
0.000000 
0.000000 
0.000000 
0.000000 
0.000000 
0.000000 
0.000000 
0.000002 
0.000012 
0.000065 
0.000289 
0.000970 
0.002291 
0.003312 
0.002291 
0.000970 
0.000289 
0.000065 
0.000012 
0.000000 
0.000000 
0.000000 
0.000000 
0.000000 
0.000000 
0.000000 
0.000000 
0.000000 
0.000000 
0.000000 
0.000000 
0.000001 
0.000010 
0.000065 
0.000356 
0.001552 
0.005157 
0.012074 
0.017360 
0.012074 
0.005157 
0.001552 
0.000356 
0.000064 
0.000000 
0.000000 
0.000000 
0.000000 
0.000000 
0.000000 
0.000000 
0.000000 
0.000000 
0.000000 
0.000000 
0.000001 
0.000006 
0.000045 
0.000289 
0.001552 
0.006690 
0.022015 
0.051103 
0.073096 
0.051103 
0.022015 
0.006690 
0.001551 
0.000283 
0.000000 
0.000000 
0.000000 
0.000000 
0.000000 
0.000000 
0.000000 
0.000000 
0.000000 
0.000000 
0.000000 
0.000002 
0.000020 
0.000151 
0.000970 
0.005157 
0.022015 
0.071776 
0.165319 
0.235376 
0.165319 
0.071776 
0.022014 
0.005155 
0.000950 
0.000000 
0.000000 
0.000000 
0.000000 
0.000000 
0.000000 
0.000000 
0.000000 
0.000000 
0.000000 
0.000001 
0.000006 
0.000048 
0.000361 
0.002291 
0.012074 
0.051103 
0.165319 
0.378303 
0.536579 
0.378303 
0.165319 
0.051102 
0.012068 
0.002242 
0.000000 
0.000000 
0.000000 
0.000000 
0.000000 
0.000000 
0.000000 
0.000000 
0.000000 
0.000000 
0.000001 
0.000008 
0.000071 
0.000525 
0.003312 
0.017360 
0.073096 
0.235376 
0.536579 
0.759466 
0.536579 
0.235376 
0.073095 
0.017352 
0.003241 
0.000000 
0.000000 
0.000000 
0.000000 
0.000000 
0.000000 
0.000000 
0.000000 
0.000000 
0.000000 
0.000001 
0.000006 
0.000048 
0.000361 
0.002291 
0.012074 
0.051103 
0.165319 
0.378303 
0.536579 
0.378303 
0.165319 
0.051102 
0.012068 
0.002242 
0.000000 
0.000000 
0.000000 
0.000000 
0.000000 
0.000000 
0.000000 
0.000000 
0.000000 
0.000000 
0.000000 
0.000002 
0.000020 
0.000151 
0.000970 
0.005157 
0.022015 
0.071776 
0.165319 
0.235376 
0.165319 
0.071776 
0.022014 
0.005155 
0.000950 
0.000000 
0.000000 
0.000000 
0.000000 
0.000000 
0.000000 
0.000000 
0.000000 
0.000000 
0.000000 
0.000000 
0.000001 
0.000006 
0.000045 
0.000289 
0.001552 
0.006690 
0.022014 
0.051102 
0.073095 
0.051102 
0.022014 
0.006690 
0.001551 
0.000283 
0.000000 
0.000000 
0.000000 
0.000000 
0.000000 
0.000000 
0.000000 
0.000000 
0.000000 
0.000000 
0.000000 
0.000000 
0.000001 
0.000010 
0.000065 
0.000356 
0.001551 
0.005155 
0.012068 
0.017352 
0.012068 
0.005155 
0.001551 
0.000356 
0.000064 
0.000000 
0.000000 
0.000000 
0.000000 
0.000000 
0.000000 
0.000000 
0.000000 
0.000000 
0.000000 
0.000000 
0.000000 
0.000000 
0.000002 
0.000012 
0.000064 
0.000283 
0.000950 
0.002242 
0.003241 
0.002242 
0.000950 
0.000283 
0.000064 
0.000011 
