25.000000 25.000000 1.000000
0.000005 
0.000033 
0.000154 
0.000496 
0.000914 
0.000496 
0.000154 
0.000033 
0.000006 
0.000001 
0.000000 
0.000000 
0.000000 
0.000000 
0.000000 
0.000000 
0.000000 
0.000000 
0.000000 
0.000000 
0.000000 
0.000000 
0.000000 
0.000000 
0.000000 
0.000033 
0.000205 
0.000961 
0.003150 
0.005889 
0.003150 
0.000961 
0.000205 
0.000034 
0.000005 
0.000001 
0.000000 
0.000000 
0.000000 
0.000000 
0.000000 
0.000000 
0.000000 
0.000000 
0.000000 
0.000000 
0.000000 
0.000000 
0.000000 
0.000000 
0.000154 
0.000961 
0.004574 
0.015293 
0.029092 
0.015293 
0.004574 
0.000961 
0.000156 
0.000021 
0.000002 
0.000000 
0.000000 
0.000000 
0.000000 
0.000000 
0.000000 
0.000000 
0.000000 
0.000000 
0.000000 
0.000000 
0.000000 
0.000000 
0.000000 
0.000496 
0.003150 
0.015293 
0.052188 
0.100970 
0.052188 
0.015294 
0.003150 
0.000504 
0.000066 
0.000007 
0.000001 
0.000000 
0.000000 
0.000000 
0.000000 
0.000000 
0.000000 
0.000000 
0.000000 
0.000000 
0.000000 
0.000000 
0.000000 
0.000000 
0.000914 
0.005889 
0.029092 
0.100970 
0.197979 
0.100970 
0.029093 
0.005891 
0.000927 
0.000120 
0.000013 
0.000001 
0.000000 
0.000000 
0.000000 
0.000000 
0.000000 
0.000000 
0.000000 
0.000000 
0.000000 
0.000000 
0.000000 
0.000000 
0.000000 
0.000496 
0.003150 
0.015293 
0.052188 
0.100970 
0.052188 
0.015294 
0.003150 
0.000504 
0.000066 
0.000007 
0.000001 
0.000000 
0.000000 
0.000000 
0.000000 
0.000000 
0.000000 
0.000000 
0.000000 
0.000000 
0.000000 
0.000000 
0.000000 
0.000000 
0.000154 
0.000961 
0.004574 
0.015294 
0.029093 
0.015294 
0.004574 
0.000961 
0.000156 
0.000021 
0.000002 
0.000000 
0.000000 
0.000000 
0.000000 
0.000000 
0.000000 
0.000000 
0.000000 
0.000000 
0.000000 
0.000000 
0.000000 
0.000000 
0.000000 
0.000033 
0.000205 
0.000961 
0.003150 
0.005891 
0.003150 
0.000961 
0.000205 
0.000034 
0.000005 
0.000001 
0.000000 
0.000000 
0.000000 
0.000000 
0.000000 
0.000000 
0.000000 
0.000000 
0.000000 
0.000000 
0.000000 
0.000000 
0.000000 
0.000000 
0.000006 
0.000034 
0.000156 
0.000504 
0.000927 
0.000504 
0.000156 
0.000034 
0.000006 
0.000001 
0.000000 
0.000000 
0.000000 
0.000000 
0.000000 
0.000000 
0.000000 
0.000000 
0.000000 
0.000000 
0.000000 
0.000000 
0.000000 
0.000000 
0.000000 
0.000001 
0.000005 
0.000021 
0.000066 
0.000120 
0.000066 
0.000021 
0.000005 
0.000001 
0.000000 
0.000000 
0.000000 
0.000000 
0.000000 
0.000000 
0.000000 
0.000000 
0.000000 
0.000000 
0.000000 
0.000000 
0.000000 
0.000000 
0.000000 
0.000000 
0.000000 
0.000001 
0.000002 
0.000007 
0.000013 
0.000007 
0.000002 
0.000001 
0.000000 
0.000000 
0.000000 
0.000000 
0.000000 
0.000000 
0.000000 
0.000000 
0.000000 
0.000000 
0.000000 
0.000000 
0.000000 
0.000000 
0.000000 
0.000000 
0.000000 
0.000000 
0.000000 
0.000000 
0.000001 
0.000001 
0.000001 
0.000000 
0.000000 
0.000000 
0.000000 
0.000000 
0.000000 
0.000000 
0.000000 
0.000000 
0.000000 
0.000000 
0.000001 
0.000003 
0.000005 
0.000003 
0.000001 
0.000000 
0.000000 
0.000000 
0.000000 
0.000000 
0.000000 
0.000000 
0.000000 
0.000000 
0.000000 
0.000000 
0.000000 
0.000000 
0.000000 
0.000000 
0.000000 
0.000000 
0.000000 
0.000001 
0.000003 
0.000011 
0.000030 
0.000047 
0.000030 
0.000011 
0.000003 
0.000001 
0.000000 
0.000000 
0.000000 
0.000000 
0.000000 
0.000000 
0.000000 
0.000000 
0.000000 
0.000000 
0.000000 
0.000000 
0.000000 
0.000000 
0.000000 
0.000001 
0.000005 
0.000025 
0.000095 
0.000253 
0.000395 
0.000253 
0.000095 
0.000025 
0.000005 
0.000001 
0.000000 
0.000000 
0.000000 
0.000000 
0.000000 
0.000000 
0.000000 
0.000000 
0.000000 
0.000000 
0.000000 
0.000000 
0.000000 
0.000001 
0.000006 
0.000036 
0.000183 
0.000695 
0.001834 
0.002846 
0.001834 
0.000695 
0.000183 
0.000036 
0.000006 
0.000000 
0.000000 
0.000000 
0.000000 
0.000000 
0.000000 
0.000000 
0.000000 
0.000000 
0.000000 
0.000000 
0.000000 
0.000001 
0.000005 
0.000036 
0.000226 
0.001123 
0.004222 
0.011006 
0.016955 
0.011006 
0.004222 
0.001123 
0.000226 
0.000036 
0.000000 
0.000000 
0.000000 
0.000000 
0.000000 
0.000000 
0.000000 
0.000000 
0.000000 
0.000000 
0.000000 
0.000000 
0.000003 
0.000025 
0.000183 
0.001123 
0.005511 
0.020461 
0.052766 
0.080711 
0.052766 
0.020461 
0.005511 
0.001123 
0.000180 
0.000000 
0.000000 
0.000000 
0.000000 
0.000000 
0.000000 
0.000000 
0.000000 
0.000000 
0.000000 
0.000000 
0.000001 
0.000011 
0.000095 
0.000695 
0.004222 
0.020461 
0.075105 
0.191754 
0.291401 
0.191754 
0.075105 
0.020461 
0.004221 
0.000685 
0.000000 
0.000000 
0.000000 
0.000000 
0.000000 
0.000000 
0.000000 
0.000000 
0.000000 
0.000000 
0.000000 
0.000003 
0.000030 
0.000253 
0.001834 
0.011006 
0.052766 
0.191754 
0.485359 
0.733515 
0.485359 
0.191753 
0.052766 
0.011003 
0.001804 
0.000000 
0.000000 
0.000000 
0.000000 
0.000000 
0.000000 
0.000000 
0.000000 
0.000000 
0.000000 
0.000000 
0.000005 
0.000047 
0.000395 
0.002846 
0.016955 
0.080711 
0.291401 
0.733515 
1.104736 
0.733515 
0.291401 
0.080710 
0.016951 
0.002800 
0.000000 
0.000000 
0.000000 
0.000000 
0.000000 
0.000000 
0.000000 
0.000000 
0.000000 
0.000000 
0.000000 
0.000003 
0.000030 
0.000253 
0.001834 
0.011006 
0.052766 
0.191754 
0.485359 
0.733515 
0.485359 
0.191753 
0.052766 
0.011003 
0.001804 
0.000000 
0.000000 
0.000000 
0.000000 
0.000000 
0.000000 
0.000000 
0.000000 
0.000000 
0.000000 
0.000000 
0.000001 
0.000011 
0.000095 
0.000695 
0.004222 
0.020461 
0.075105 
0.191753 
0.291401 
0.191753 
0.075105 
0.020461 
0.004221 
0.000685 
0.000000 
0.000000 
0.000000 
0.000000 
0.000000 
0.000000 
0.000000 
0.000000 
0.000000 
0.000000 
0.000000 
0.000000 
0.000003 
0.000025 
0.000183 
0.001123 
0.005511 
0.020461 
0.052766 
0.080710 
0.052766 
0.020461 
0.005511 
0.001123 
0.000180 
0.000000 
0.000000 
0.000000 
0.000000 
0.000000 
0.000000 
0.000000 
0.000000 
0.000000 
0.000000 
0.000000 
0.000000 
0.000001 
0.000005 
0.000036 
0.000226 
0.001123 
0.004221 
0.011003 
0.016951 
0.011003 
0.004221 
0.001123 
0.000226 
0.000036 
0.000000 
0.000000 
0.000000 
0.000000 
0.000000 
0.000000 
0.000000 
0.000000 
0.000000 
0.000000 
0.000000 
0.000000 
0.000000 
0.000001 
0.000006 
0.000036 
0.000180 
0.000685 
0.001804 
0.002800 
0.001804 
0.000685 
0.000180 
0.000036 
0.000006 
