wallclock utime stime cpu memory io iow wallclock(hrs) utilisation memory(mem/cpu) uid
ac1cdp 1978057.000000 63687.000000 2465.000000 1019131.000000 205126.571000 0.000000 0.000000 549.460278 0.110871 0.201276 1.000000
ac1dja 61.000000 0.000000 0.000000 0.000000 0.003000 0.000000 0.000000 0.016944 0.000003 0.000000 2.000000
ac1jz 3699.000000 0.000000 0.000000 0.000000 0.002000 0.000000 0.000000 1.027500 0.000207 0.000000 3.000000
ac1rhc 2796589.000000 98171.000000 15096.000000 1348257.000000 2649190.052000 0.000000 0.000000 776.830278 0.156750 1.964900 4.000000
ac1ss 37917954.000000 17288827.000000 35969.000000 18516941.000000 674972.984000 0.000000 0.000000 10532.765000 2.125318 0.036452 5.000000
acp04mog 8223465.000000 4740813.000000 414.000000 5397518.000000 72323.245000 0.000000 0.000000 2284.295833 0.460929 0.013399 6.000000
acp04mtg 156787737.000000 104334517.000000 5264713.000000 154432192.000000 21515063.721000 0.000000 0.000000 43552.149167 8.788023 0.139317 7.000000
acp04tmp 335136800.000000 230004998.000000 593766.000000 230667527.000000 36637751.152000 0.000000 0.000000 93093.555556 18.784568 0.158834 8.000000
acp04vm 12189659.000000 5165320.000000 3862099.000000 24427375.000000 17240472.980000 0.000000 0.000000 3386.016389 0.683236 0.705785 9.000000
acp05st 1342125.000000 308442.000000 55516.000000 363985.000000 94918.360000 0.000000 0.000000 372.812500 0.075227 0.260775 10.000000
acp06ar 1116885.000000 62716.000000 9546.000000 104552.000000 19877.714000 0.000000 0.000000 310.245833 0.062602 0.190123 11.000000
acp06jsc 32011.000000 5.000000 4.000000 207.000000 137.403000 0.000000 0.000000 8.891944 0.001794 0.663783 12.000000
acp06sha 91.000000 0.000000 0.000000 0.000000 0.000000 0.000000 0.000000 0.025278 0.000005 0.000000 13.000000
acp06ss 11575757.000000 188297.000000 16843.000000 4382117.000000 250657.985000 0.000000 0.000000 3215.488056 0.648826 0.057200 14.000000
ap1dfr 284537.000000 28812.000000 2.000000 123841.000000 809.192000 0.000000 0.000000 79.038056 0.015948 0.006534 15.000000
ap1drr 3504430.000000 1897547.000000 21531.000000 1950642.000000 3296860.933000 0.000000 0.000000 973.452778 0.196425 1.690141 16.000000
ap1ew 5507.000000 0.000000 0.000000 3054.000000 7002.529000 0.000000 0.000000 1.529722 0.000309 2.292904 17.000000
ap1jc 5663.000000 0.000000 0.000000 1.000000 0.036000 0.000000 0.000000 1.573056 0.000317 0.036000 18.000000
ap1ko 167546.000000 65759.000000 35045.000000 100815.000000 74061.326000 0.000000 0.000000 46.540556 0.009391 0.734626 19.000000
ap1lmh 86178637.000000 63564133.000000 68128.000000 65123614.000000 42254208.834000 0.000000 0.000000 23938.510278 4.830351 0.648831 20.000000
ap1nl 2164183.000000 30254.000000 528.000000 178517.000000 104404.112000 0.000000 0.000000 601.161944 0.121303 0.584841 21.000000
ap1plc 42010.000000 8172.000000 1.000000 16220.000000 2015.080000 0.000000 0.000000 11.669444 0.002355 0.124234 22.000000
ap1ss 22306612.000000 20398539.000000 14710.000000 20413808.000000 7184143.829000 0.000000 0.000000 6196.281111 1.250296 0.351926 23.000000
ap1sz 607206.000000 25270.000000 3512.000000 139892.000000 484825.102000 0.000000 0.000000 168.668333 0.034034 3.465710 24.000000
ap1vf 9651508.000000 900491.000000 3832.000000 1536936.000000 714805.923000 0.000000 0.000000 2680.974444 0.540971 0.465085 25.000000
ap4gv 5623637.000000 315095.000000 4685.000000 943039.000000 93801.104000 0.000000 0.000000 1562.121389 0.315207 0.099467 26.000000
ap4mm 213956.000000 80545.000000 147.000000 113199.000000 13485.527000 0.000000 0.000000 59.432222 0.011992 0.119131 27.000000
app03jah 43510.000000 251.000000 16.000000 422.000000 654.033000 0.000000 0.000000 12.086111 0.002439 1.549841 28.000000
app03las 9110.000000 0.000000 0.000000 0.000000 0.006000 0.000000 0.000000 2.530556 0.000511 0.000000 29.000000
app03nar 57941.000000 69.000000 15.000000 338.000000 11.265000 0.000000 0.000000 16.094722 0.003248 0.033328 30.000000
app04cjm 3805857.000000 2516256.000000 1141.000000 2656664.000000 898428.394000 0.000000 0.000000 1057.182500 0.213320 0.338179 31.000000
app05cej 1345477.000000 1709.000000 140.000000 3089.000000 1356.760000 0.000000 0.000000 373.743611 0.075415 0.439223 32.000000
app05md 1402180.000000 396096.000000 12488.000000 419723.000000 610486.706000 0.000000 0.000000 389.494444 0.078593 1.454499 33.000000
app06apn 9188.000000 0.000000 0.000000 0.000000 0.000000 0.000000 0.000000 2.552222 0.000515 0.000000 34.000000
app06es 1466764.000000 428.000000 161.000000 777.000000 43.850000 0.000000 0.000000 407.434444 0.082213 0.056435 35.000000
arp04jql 13823587.000000 5285080.000000 203169.000000 6215095.000000 2463567.422000 0.000000 0.000000 3839.885278 0.774818 0.396385 36.000000
bo1acf 10751695.000000 5217564.000000 193384.000000 6061170.000000 1561335.884000 0.000000 0.000000 2986.581944 0.602637 0.257596 37.000000
bo1djb 199333.000000 10644.000000 958.000000 33161.000000 79948.617000 0.000000 0.000000 55.370278 0.011173 2.410923 38.000000
bo1djm 19263384.000000 7056125.000000 8169.000000 13416412.000000 56637.303000 0.000000 0.000000 5350.940000 1.079721 0.004221 39.000000
bo1dzc 37527513.000000 23957218.000000 16582.000000 24377497.000000 2317099.567000 0.000000 0.000000 10424.309167 2.103434 0.095051 40.000000
bo1is 49624.000000 4189.000000 37.000000 5425.000000 189.451000 0.000000 0.000000 13.784444 0.002781 0.034922 41.000000
bo1jlx 269754.000000 134270.000000 990.000000 138259.000000 97083.047000 0.000000 0.000000 74.931667 0.015120 0.702182 42.000000
bo1mrl 1135828.000000 402357.000000 35686.000000 500593.000000 342107.816000 0.000000 0.000000 315.507778 0.063664 0.683405 43.000000
bo1op 19574467.000000 10197284.000000 36669.000000 10235175.000000 1197798.132000 0.000000 0.000000 5437.351944 1.097158 0.117028 44.000000
bo1rafx 11725389.000000 3175851.000000 187195.000000 5165612.000000 3528187.824000 0.000000 0.000000 3257.052500 0.657213 0.683014 45.000000
bo1sdw 6771102.000000 2190155.000000 843.000000 2616521.000000 103635.036000 0.000000 0.000000 1880.861667 0.379523 0.039608 46.000000
bo1sjb 516278.000000 44857.000000 4866.000000 67533.000000 137152.834000 0.000000 0.000000 143.410556 0.028938 2.030901 47.000000
bop03blh 38279.000000 4448.000000 662.000000 31235.000000 15016.665000 0.000000 0.000000 10.633056 0.002146 0.480764 48.000000
ch1ajm 21371611.000000 14421395.000000 815276.000000 15744450.000000 35751504.516000 0.000000 0.000000 5936.558611 1.197888 2.270737 49.000000
ch1dm 56580683.000000 44787122.000000 756235.000000 45764305.000000 57788690.752000 0.000000 0.000000 15716.856389 3.171373 1.262746 50.000000
ch1mg 315704.000000 42587.000000 914.000000 62261.000000 92491.387000 0.000000 0.000000 87.695556 0.017695 1.485543 51.000000
cha03sls 49976140.000000 36811149.000000 1305289.000000 55932148.000000 30662053.746000 0.000000 0.000000 13882.261111 2.801185 0.548201 52.000000
chp03jcc 101.000000 0.000000 0.000000 0.000000 0.002000 0.000000 0.000000 0.028056 0.000006 0.000000 53.000000
chp04gs 715039.000000 233997.000000 38198.000000 272428.000000 673450.990000 0.000000 0.000000 198.621944 0.040078 2.472033 54.000000
chp04vr 28801.000000 0.000000 0.000000 2.000000 0.200000 0.000000 0.000000 8.000278 0.001614 0.100000 55.000000
chp05cm 88.000000 0.000000 0.000000 14.000000 19.008000 0.000000 0.000000 0.024444 0.000005 1.357714 56.000000
chp05kaw 26788635.000000 16475824.000000 2239030.000000 34973782.000000 206615007718.712006 0.000000 0.000000 7441.287500 1.501515 5907.711317 57.000000
chp06lab 205531.000000 0.000000 0.000000 58.000000 90.990000 0.000000 0.000000 57.091944 0.011520 1.568793 58.000000
ci1ccs 696994.000000 367027.000000 5101.000000 379706.000000 914149.466000 0.000000 0.000000 193.609444 0.039067 2.407519 59.000000
ci1dmu 44081.000000 0.000000 0.000000 8964.000000 3588.495000 0.000000 0.000000 12.244722 0.002471 0.400323 60.000000
ci1mg 442512.000000 311960.000000 469.000000 345230.000000 1348428.653000 0.000000 0.000000 122.920000 0.024803 3.905885 61.000000
ci1qn 11045.000000 6.000000 0.000000 2148.000000 3523.287000 0.000000 0.000000 3.068056 0.000619 1.640264 62.000000
ci1vrs 14872564.000000 6353763.000000 159274.000000 8170985.000000 6731516.331000 0.000000 0.000000 4131.267778 0.833614 0.823832 63.000000
cia02njj 560825.000000 52775.000000 779.000000 163207.000000 56401.111000 0.000000 0.000000 155.784722 0.031434 0.345580 64.000000
cip03ms 2718.000000 0.000000 0.000000 0.000000 0.007000 0.000000 0.000000 0.755000 0.000152 0.000000 65.000000
cip03sdl 8747033.000000 3452355.000000 71813.000000 4974267.000000 4877305.785000 0.000000 0.000000 2429.731389 0.490275 0.980507 66.000000
cip03wd 487635.000000 283632.000000 3250.000000 366689.000000 1835014.618000 0.000000 0.000000 135.454167 0.027332 5.004281 67.000000
cip04zu 1652156.000000 460115.000000 178.000000 909853.000000 146378.342000 0.000000 0.000000 458.932222 0.092604 0.160881 68.000000
cip05yh 1322501.000000 1075629.000000 135248.000000 1210885.000000 846904.912000 0.000000 0.000000 367.361389 0.074127 0.699410 69.000000
cip06znd 182.000000 11.000000 1.000000 13.000000 19.315000 0.000000 0.000000 0.050556 0.000010 1.485769 70.000000
coa02rh 5860.000000 1991.000000 107.000000 2104.000000 829.234000 0.000000 0.000000 1.627778 0.000328 0.394123 71.000000
cop02as 5885837.000000 2320916.000000 3861.000000 2800202.000000 574924.745000 0.000000 0.000000 1634.954722 0.329904 0.205315 72.000000
cop02md 34059414.000000 13318681.000000 4671242.000000 19600387.000000 6733975.006000 0.000000 0.000000 9460.948333 1.909045 0.343563 73.000000
cop04kp 193859652.000000 86190249.000000 7382387.000000 119955560.000000 107184736.029000 0.000000 0.000000 53849.903333 10.865921 0.893537 74.000000
cop05vo 5340909.000000 1941101.000000 477126.000000 2418235.000000 2702517.880000 0.000000 0.000000 1483.585833 0.299360 1.117558 75.000000
coq05qh 0.000000 0.000000 0.000000 0.000000 0.000000 0.000000 0.000000 0.000000 0.000000 0.000000 76.000000
cpp03gsr 50681.000000 36369.000000 12946.000000 49340.000000 10215.684000 0.000000 0.000000 14.078056 0.002841 0.207047 77.000000
cpp03nap 8385.000000 11.000000 8.000000 2652.000000 1130.035000 0.000000 0.000000 2.329167 0.000470 0.426107 78.000000
cpp03vac 675115.000000 4431.000000 636.000000 89873.000000 146458.397000 0.000000 0.000000 187.531944 0.037840 1.629615 79.000000
cpp04ap 5156174.000000 1025934.000000 6488.000000 1470651.000000 707994.410000 0.000000 0.000000 1432.270556 0.289006 0.481416 80.000000
cpp04hcb 5509121.000000 289937.000000 1949.000000 1981709.000000 4683161.509000 0.000000 0.000000 1530.311389 0.308789 2.363193 81.000000
cpp04mhi 29387.000000 19.000000 1.000000 370.000000 216.542000 0.000000 0.000000 8.163056 0.001647 0.585249 82.000000
cpp04tjc 1487061.000000 567998.000000 4498.000000 682308.000000 2358519.151000 0.000000 0.000000 413.072500 0.083350 3.456678 83.000000
cpp05kwc 16150585.000000 3070454.000000 19535.000000 8908315.000000 749176.080000 0.000000 0.000000 4486.273611 0.905248 0.084099 84.000000
cpp05pjg 21786.000000 25.000000 2.000000 29.000000 41.056000 0.000000 0.000000 6.051667 0.001221 1.415724 85.000000
cpp06ejg 57952.000000 356.000000 16.000000 593.000000 1240.232000 0.000000 0.000000 16.097778 0.003248 2.091454 86.000000
cpq05wc 48005.000000 106.000000 24.000000 22424.000000 13093.505000 0.000000 0.000000 13.334722 0.002691 0.583906 87.000000
cs1ac 26661.000000 10.000000 3.000000 32.000000 17.679000 0.000000 0.000000 7.405833 0.001494 0.552469 88.000000
cs1ajb 45789.000000 2.000000 0.000000 19.000000 6.115000 0.000000 0.000000 12.719167 0.002566 0.321842 89.000000
cs1dgw 13760.000000 29.000000 1.000000 54.000000 74.974000 0.000000 0.000000 3.822222 0.000771 1.388407 90.000000
cs1ds 618208.000000 227.000000 62.000000 403.000000 444.480000 0.000000 0.000000 171.724444 0.034651 1.102928 91.000000
cs1ibo 714.000000 0.000000 0.000000 0.000000 0.004000 0.000000 0.000000 0.198333 0.000040 0.000000 92.000000
cs1mjw 5.000000 0.000000 0.000000 0.000000 0.003000 0.000000 0.000000 0.001389 0.000000 0.000000 93.000000
cs1mkg 3096795.000000 903686.000000 59418.000000 1196144.000000 108466.334000 0.000000 0.000000 860.220833 0.173577 0.090680 94.000000
cs4un11 5453669.000000 3622931.000000 256506.000000 4096477.000000 177406.678000 0.000000 0.000000 1514.908056 0.305681 0.043307 95.000000
cs4un12 11613.000000 66.000000 0.000000 67.000000 1.483000 0.000000 0.000000 3.225833 0.000651 0.022134 96.000000
cs4un16 4701694.000000 1881101.000000 215.000000 1920889.000000 14059.608000 0.000000 0.000000 1306.026111 0.263532 0.007319 97.000000
cs4un18 3.000000 0.000000 0.000000 0.000000 0.003000 0.000000 0.000000 0.000833 0.000000 0.000000 98.000000
cs4un2 11509.000000 0.000000 0.000000 22.000000 2.390000 0.000000 0.000000 3.196944 0.000645 0.108636 99.000000
cs4un3 9792.000000 1.000000 1.000000 21.000000 18.394000 0.000000 0.000000 2.720000 0.000549 0.875905 100.000000
cs4un5 6055877.000000 3337254.000000 308033.000000 4098768.000000 169583.568000 0.000000 0.000000 1682.188056 0.339435 0.041374 101.000000
cs4un6 14464.000000 74.000000 2.000000 78.000000 20.074000 0.000000 0.000000 4.017778 0.000811 0.257359 102.000000
cs6grid 203.000000 144.000000 0.000000 149.000000 171.394000 0.000000 0.000000 0.056389 0.000011 1.150295 103.000000
el1ag 706320.000000 314.000000 155.000000 416188.000000 1127920.070000 0.000000 0.000000 196.200000 0.039590 2.710122 104.000000
el1gxw 2965.000000 0.000000 0.000000 14.000000 6.652000 0.000000 0.000000 0.823611 0.000166 0.475143 105.000000
el1jjr 448889.000000 925.000000 57.000000 1600.000000 1781.721000 0.000000 0.000000 124.691389 0.025160 1.113576 106.000000
el1ll 350429.000000 228.000000 30.000000 617.000000 1097.463000 0.000000 0.000000 97.341389 0.019642 1.778708 107.000000
el1pb 278155.000000 69.000000 18.000000 373.000000 327.076000 0.000000 0.000000 77.265278 0.015591 0.876879 108.000000
elp04mjw 10735.000000 26.000000 10.000000 62.000000 59.076000 0.000000 0.000000 2.981944 0.000602 0.952839 109.000000
elp04sl 3565348.000000 2392240.000000 422.000000 2417833.000000 17913.696000 0.000000 0.000000 990.374444 0.199839 0.007409 110.000000
elp05ast 151920.000000 20.000000 3.000000 1336.000000 1477.258000 0.000000 0.000000 42.200000 0.008515 1.105732 111.000000
elp05kdw 146948.000000 63552.000000 2456.000000 78771.000000 55735.258000 0.000000 0.000000 40.818889 0.008237 0.707561 112.000000
elp06db 7293.000000 13.000000 12.000000 41.000000 2.111000 0.000000 0.000000 2.025833 0.000409 0.051488 113.000000
elp06sdd 15099.000000 300.000000 10.000000 344.000000 261.383000 0.000000 0.000000 4.194167 0.000846 0.759834 114.000000
elp96sdc 29333.000000 0.000000 0.000000 24403.000000 42378.002000 0.000000 0.000000 8.148056 0.001644 1.736590 115.000000
elp97djp 149999.000000 1.000000 0.000000 771.000000 903.850000 0.000000 0.000000 41.666389 0.008408 1.172309 116.000000
fc1bnh 417575.000000 7233.000000 739.000000 145123.000000 335648.658000 0.000000 0.000000 115.993056 0.023405 2.312856 117.000000
fc1vt 4678.000000 11.000000 4.000000 18.000000 1.812000 0.000000 0.000000 1.299444 0.000262 0.100667 118.000000
fc1wbz 36682.000000 0.000000 0.000000 0.000000 0.000000 0.000000 0.000000 10.189444 0.002056 0.000000 119.000000
fc1yby 61294.000000 2773.000000 36.000000 2839.000000 227.855000 0.000000 0.000000 17.026111 0.003436 0.080259 120.000000
gg1eh 43817.000000 3294.000000 119.000000 3425.000000 490.007000 0.000000 0.000000 12.171389 0.002456 0.143068 121.000000
gg1rcl 1266957.000000 13677.000000 1552.000000 19570.000000 10631.038000 0.000000 0.000000 351.932500 0.071014 0.543231 122.000000
ggp03ac 157877.000000 18.000000 2.000000 167.000000 10.296000 0.000000 0.000000 43.854722 0.008849 0.061653 123.000000
ggp05cj 86.000000 68.000000 0.000000 68.000000 0.013000 0.000000 0.000000 0.023889 0.000005 0.000191 124.000000
li1mxw 2419088.000000 480800.000000 2357.000000 488795.000000 4927.375000 0.000000 0.000000 671.968889 0.135591 0.010081 125.000000
lip05hp 530913.000000 155235.000000 5271.000000 258974.000000 590034.490000 0.000000 0.000000 147.475833 0.029758 2.278354 126.000000
lip06gp 3805.000000 0.000000 0.000000 0.000000 0.000000 0.000000 0.000000 1.056944 0.000213 0.000000 127.000000
lip06rlm 93100.000000 7369.000000 4361.000000 11732.000000 1207.736000 0.000000 0.000000 25.861111 0.005218 0.102944 128.000000
mb1nam 28489619.000000 11882764.000000 17133.000000 12282901.000000 604076.287000 0.000000 0.000000 7913.783056 1.596856 0.049180 129.000000
mbp04mf 530125.000000 0.000000 32.000000 73.000000 59.265000 0.000000 0.000000 147.256944 0.029714 0.811849 130.000000
md1ly 89.000000 0.000000 0.000000 0.000000 0.003000 0.000000 0.000000 0.024722 0.000005 0.000000 131.000000
md1nds 9913.000000 10.000000 10.000000 31.000000 0.681000 0.000000 0.000000 2.753611 0.000556 0.021968 132.000000
md1rdw 1522189.000000 1056323.000000 288.000000 1057703.000000 1247382.427000 0.000000 0.000000 422.830278 0.085319 1.179331 133.000000
mdp05wl 810291.000000 604601.000000 262.000000 604866.000000 25830.562000 0.000000 0.000000 225.080833 0.045417 0.042705 134.000000
mdp06kjc 43034.000000 57.000000 96.000000 387.000000 557.000000 0.000000 0.000000 11.953889 0.002412 1.439276 135.000000
me1ay 1803995.000000 752306.000000 2545.000000 800802.000000 116335.292000 0.000000 0.000000 501.109722 0.101115 0.145273 136.000000
me1csl 104317.000000 410.000000 78.000000 3126.000000 284.981000 0.000000 0.000000 28.976944 0.005847 0.091165 137.000000
me1db 66306.000000 3881.000000 412.000000 4332.000000 7746.835000 0.000000 0.000000 18.418333 0.003716 1.788281 138.000000
me1fcgan 1334396.000000 450654.000000 7634.000000 459874.000000 383327.541000 0.000000 0.000000 370.665556 0.074793 0.833549 139.000000
me1jhl 1785414.000000 53882.000000 20873.000000 186371.000000 317685.457000 0.000000 0.000000 495.948333 0.100073 1.704586 140.000000
me1jmm 286136.000000 39593.000000 2041.000000 50456.000000 155006.482000 0.000000 0.000000 79.482222 0.016038 3.072112 141.000000
me1jw 652923.000000 37941.000000 1232.000000 40186.000000 5919.768000 0.000000 0.000000 181.367500 0.036597 0.147309 142.000000
me1nds 165238.000000 1127.000000 112.000000 3056.000000 4090.476000 0.000000 0.000000 45.899444 0.009262 1.338507 143.000000
me1ord 3719732.000000 725603.000000 7060.000000 961856.000000 854745.652000 0.000000 0.000000 1033.258889 0.208493 0.888642 144.000000
me1rjb 213791.000000 151.000000 61.000000 1287.000000 966.487000 0.000000 0.000000 59.386389 0.011983 0.750961 145.000000
me1rjh 7.000000 0.000000 0.000000 0.000000 0.000000 0.000000 0.000000 0.001944 0.000000 0.000000 146.000000
me1sbx 583441.000000 1004.000000 348.000000 254888.000000 332822.096000 0.000000 0.000000 162.066944 0.032702 1.305758 147.000000
me1sgb 961544.000000 266897.000000 5184.000000 320787.000000 33201.570000 0.000000 0.000000 267.095556 0.053895 0.103500 148.000000
me1xmas 211161.000000 164157.000000 8334.000000 175757.000000 55418.166000 0.000000 0.000000 58.655833 0.011836 0.315311 149.000000
mea01bls 23321857.000000 8769349.000000 148446.000000 11353140.000000 5724839.613000 0.000000 0.000000 6478.293611 1.307201 0.504252 150.000000
mea02jc 258294.000000 265.000000 71.000000 1266.000000 1329.544000 0.000000 0.000000 71.748333 0.014477 1.050193 151.000000
mea02pjh 8240751.000000 2816573.000000 99578.000000 2942788.000000 426256.077000 0.000000 0.000000 2289.097500 0.461898 0.144848 152.000000
mea02sdp 18583.000000 381.000000 54.000000 934.000000 1108.138000 0.000000 0.000000 5.161944 0.001042 1.186443 153.000000
mea03ahc 46706.000000 369.000000 62.000000 515.000000 594.293000 0.000000 0.000000 12.973889 0.002618 1.153967 154.000000
mea03ahj 105919.000000 0.000000 0.000000 4.000000 0.135000 0.000000 0.000000 29.421944 0.005937 0.033750 155.000000
mea03cal 7271410.000000 3253654.000000 88584.000000 3874163.000000 7066548.144000 0.000000 0.000000 2019.836111 0.407566 1.824019 156.000000
mea03cdj 279832.000000 12140.000000 1655.000000 33203.000000 23762.895000 0.000000 0.000000 77.731111 0.015685 0.715685 157.000000
mea03cp 219874.000000 14719.000000 891.000000 20486.000000 2803.105000 0.000000 0.000000 61.076111 0.012324 0.136830 158.000000
mea03crp 117251.000000 1743.000000 154.000000 2837.000000 4080.762000 0.000000 0.000000 32.569722 0.006572 1.438407 159.000000
mea03csm 57212.000000 1385.000000 218.000000 5570.000000 6781.961000 0.000000 0.000000 15.892222 0.003207 1.217587 160.000000
mea03czl 35452.000000 1.000000 0.000000 28849.000000 27988.338000 0.000000 0.000000 9.847778 0.001987 0.970167 161.000000
mea03drj 98258.000000 510.000000 96.000000 1100.000000 1187.815000 0.000000 0.000000 27.293889 0.005507 1.079832 162.000000
mea03ejs 3940335.000000 729612.000000 18058.000000 994653.000000 63425.285000 0.000000 0.000000 1094.537500 0.220858 0.063766 163.000000
mea03gb 96147.000000 9706.000000 3500.000000 37900.000000 46412.732000 0.000000 0.000000 26.707500 0.005389 1.224610 164.000000
mea03gs 34323.000000 306.000000 56.000000 1217.000000 1311.789000 0.000000 0.000000 9.534167 0.001924 1.077887 165.000000
mea03jdg 39.000000 0.000000 0.000000 0.000000 0.001000 0.000000 0.000000 0.010833 0.000002 0.000000 166.000000
mea03jme 12.000000 0.000000 0.000000 0.000000 0.001000 0.000000 0.000000 0.003333 0.000001 0.000000 167.000000
mea03jwh 101735.000000 293.000000 36.000000 428.000000 474.931000 0.000000 0.000000 28.259722 0.005702 1.109652 168.000000
mea03kh 59265291.000000 30029555.000000 111703.000000 47384192.000000 12517100.953000 0.000000 0.000000 16462.580833 3.321846 0.264162 169.000000
mea03kl 79132.000000 20.000000 4.000000 129.000000 124.977000 0.000000 0.000000 21.981111 0.004435 0.968814 170.000000
mea03ldc 19224.000000 6472.000000 1966.000000 8458.000000 10371.501000 0.000000 0.000000 5.340000 0.001078 1.226236 171.000000
mea03mh 10606459.000000 6681591.000000 19072.000000 7368000.000000 648635.000000 0.000000 0.000000 2946.238611 0.594497 0.088034 172.000000
mea03mjf 4310470.000000 2625977.000000 7369.000000 2815043.000000 231427.618000 0.000000 0.000000 1197.352778 0.241604 0.082211 173.000000
mea03mjh 425718.000000 17838.000000 362.000000 67904.000000 6033.119000 0.000000 0.000000 118.255000 0.023862 0.088848 174.000000
mea03mrd 282314.000000 0.000000 0.000000 436.000000 470.905000 0.000000 0.000000 78.420556 0.015824 1.080057 175.000000
mea03naj 127989.000000 652.000000 133.000000 22516.000000 1960.262000 0.000000 0.000000 35.552500 0.007174 0.087061 176.000000
mea03ned 688242.000000 48059.000000 6236.000000 106766.000000 128950.547000 0.000000 0.000000 191.178333 0.038576 1.207787 177.000000
mea03njd 31210.000000 7.000000 1.000000 1582.000000 1893.636000 0.000000 0.000000 8.669444 0.001749 1.196989 178.000000
mea03njp 503245.000000 2838.000000 543.000000 7175.000000 11680.897000 0.000000 0.000000 139.790278 0.028207 1.628000 179.000000
mea03sk 1956975.000000 460490.000000 17730.000000 698474.000000 715360.030000 0.000000 0.000000 543.604167 0.109689 1.024176 180.000000
mea03sw 145680.000000 16271.000000 149.000000 34705.000000 4234.013000 0.000000 0.000000 40.466667 0.008165 0.122000 181.000000
mea03ta 64592.000000 848.000000 133.000000 1119.000000 1406.447000 0.000000 0.000000 17.942222 0.003620 1.256878 182.000000
mea03trb 13095.000000 160.000000 23.000000 225.000000 130.727000 0.000000 0.000000 3.637500 0.000734 0.581009 183.000000
mea03uam 404751.000000 753.000000 165.000000 2213.000000 296.911000 0.000000 0.000000 112.430833 0.022686 0.134167 184.000000
mea04ad 138023.000000 975.000000 126.000000 2209.000000 2454.043000 0.000000 0.000000 38.339722 0.007736 1.110929 185.000000
mea04adp 121367.000000 261.000000 41.000000 984.000000 1108.067000 0.000000 0.000000 33.713056 0.006803 1.126084 186.000000
mea04ajb 58296.000000 512.000000 152.000000 873.000000 1315.615000 0.000000 0.000000 16.193333 0.003268 1.507005 187.000000
mea04ams 164868.000000 857.000000 137.000000 1349.000000 1493.825000 0.000000 0.000000 45.796667 0.009241 1.107357 188.000000
mea04aqc 7350.000000 11.000000 1.000000 204.000000 234.260000 0.000000 0.000000 2.041667 0.000412 1.148333 189.000000
mea04asi 912.000000 1.000000 0.000000 4.000000 1.595000 0.000000 0.000000 0.253333 0.000051 0.398750 190.000000
mea04cal 274342.000000 1067.000000 236.000000 2078.000000 2290.302000 0.000000 0.000000 76.206111 0.015377 1.102167 191.000000
mea04cw 71359.000000 253.000000 56.000000 959.000000 1083.948000 0.000000 0.000000 19.821944 0.004000 1.130290 192.000000
mea04db 24772.000000 79.000000 14.000000 152.000000 137.148000 0.000000 0.000000 6.881111 0.001388 0.902289 193.000000
mea04dc 177629.000000 1735.000000 1237.000000 3157.000000 3809.892000 0.000000 0.000000 49.341389 0.009956 1.206808 194.000000
mea04dg 206319.000000 2041.000000 192.000000 6452.000000 7656.888000 0.000000 0.000000 57.310833 0.011564 1.186746 195.000000
mea04dl 15330.000000 0.000000 0.000000 30.000000 20.248000 0.000000 0.000000 4.258333 0.000859 0.674933 196.000000
mea04dmj 140340.000000 3556.000000 117.000000 11080.000000 10440.211000 0.000000 0.000000 38.983333 0.007866 0.942257 197.000000
mea04dsa 626167.000000 1029.000000 179.000000 2057.000000 2311.334000 0.000000 0.000000 173.935278 0.035097 1.123643 198.000000
mea04ftb 181385.000000 1137.000000 231.000000 2674.000000 2963.916000 0.000000 0.000000 50.384722 0.010167 1.108420 199.000000
mea04gt 56065.000000 436.000000 80.000000 945.000000 932.934000 0.000000 0.000000 15.573611 0.003142 0.987232 200.000000
mea04hpb 503442.000000 12626.000000 505.000000 23231.000000 28138.479000 0.000000 0.000000 139.845000 0.028218 1.211247 201.000000
mea04hzl 64319.000000 567.000000 90.000000 1007.000000 1111.222000 0.000000 0.000000 17.866389 0.003605 1.103498 202.000000
mea04ia 350257.000000 1586.000000 393.000000 2819.000000 3687.605000 0.000000 0.000000 97.293611 0.019632 1.308125 203.000000
mea04jam 204415.000000 843.000000 113.000000 2008.000000 2339.261000 0.000000 0.000000 56.781944 0.011458 1.164971 204.000000
mea04jes 101561.000000 393.000000 65.000000 1671.000000 1942.811000 0.000000 0.000000 28.211389 0.005693 1.162664 205.000000
mea04jhl 254743.000000 981.000000 242.000000 1664.000000 1636.921000 0.000000 0.000000 70.761944 0.014278 0.983727 206.000000
mea04jlh 129633.000000 800.000000 229.000000 2800.000000 3164.231000 0.000000 0.000000 36.009167 0.007266 1.130083 207.000000
mea04jms 277233.000000 5824.000000 804.000000 9797.000000 11795.473000 0.000000 0.000000 77.009167 0.015539 1.203988 208.000000
mea04jrt 210714.000000 994.000000 241.000000 3607.000000 4283.880000 0.000000 0.000000 58.531667 0.011811 1.187657 209.000000
mea04jws 95874.000000 111.000000 21.000000 965.000000 967.073000 0.000000 0.000000 26.631667 0.005374 1.002148 210.000000
mea04kee 43617.000000 158.000000 30.000000 320.000000 359.456000 0.000000 0.000000 12.115833 0.002445 1.123300 211.000000
mea04kfk 88100.000000 2234.000000 170.000000 2805.000000 3305.849000 0.000000 0.000000 24.472222 0.004938 1.178556 212.000000
mea04kh 82415.000000 266.000000 59.000000 575.000000 562.831000 0.000000 0.000000 22.893056 0.004619 0.978837 213.000000
mea04kn 247244.000000 82.000000 83.000000 1184.000000 1142.041000 0.000000 0.000000 68.678889 0.013858 0.964562 214.000000
mea04kpk 521026.000000 65839.000000 11603.000000 79687.000000 39645.362000 0.000000 0.000000 144.729444 0.029204 0.497514 215.000000
mea04ks 15314.000000 29.000000 4.000000 109.000000 86.846000 0.000000 0.000000 4.253889 0.000858 0.796752 216.000000
mea04mam 131149.000000 835.000000 567.000000 2084.000000 1992.487000 0.000000 0.000000 36.430278 0.007351 0.956088 217.000000
mea04mh 87717.000000 738.000000 158.000000 1611.000000 1846.062000 0.000000 0.000000 24.365833 0.004917 1.145911 218.000000
mea04mjh 296665.000000 31.000000 9.000000 2051.000000 2147.911000 0.000000 0.000000 82.406944 0.016628 1.047251 219.000000
mea04mks 46380.000000 100.000000 47.000000 283.000000 271.508000 0.000000 0.000000 12.883333 0.002600 0.959392 220.000000
mea04mnm 1039086.000000 191682.000000 3358.000000 292273.000000 66883.361000 0.000000 0.000000 288.635000 0.058241 0.228839 221.000000
mea04nca 102506.000000 812.000000 92.000000 1607.000000 1907.506000 0.000000 0.000000 28.473889 0.005746 1.186998 222.000000
mea04nmn 3040.000000 0.000000 0.000000 14.000000 10.885000 0.000000 0.000000 0.844444 0.000170 0.777500 223.000000
mea04pad 161847.000000 263.000000 86.000000 1650.000000 1769.499000 0.000000 0.000000 44.957500 0.009072 1.072424 224.000000
mea04pk 168990.000000 556.000000 84.000000 1354.000000 1530.834000 0.000000 0.000000 46.941667 0.009472 1.130601 225.000000
mea04pmw 103691.000000 332.000000 51.000000 829.000000 969.250000 0.000000 0.000000 28.803056 0.005812 1.169180 226.000000
mea04rgs 309769.000000 2503.000000 405.000000 4217.000000 4604.413000 0.000000 0.000000 86.046944 0.017363 1.091869 227.000000
mea04row 19086.000000 13.000000 3.000000 37.000000 32.223000 0.000000 0.000000 5.301667 0.001070 0.870892 228.000000
mea04rp 8958.000000 84.000000 5.000000 92.000000 110.749000 0.000000 0.000000 2.488333 0.000502 1.203793 229.000000
mea04slp 60023.000000 871.000000 140.000000 1368.000000 1632.976000 0.000000 0.000000 16.673056 0.003364 1.193696 230.000000
mea04slw 270284.000000 2060.000000 206.000000 4262.000000 4888.074000 0.000000 0.000000 75.078889 0.015150 1.146897 231.000000
mea04spc 24540.000000 175.000000 409.000000 832.000000 951.316000 0.000000 0.000000 6.816667 0.001375 1.143409 232.000000
mea04srh 616795.000000 3462.000000 851.000000 5625.000000 6753.608000 0.000000 0.000000 171.331944 0.034572 1.200641 233.000000
mea04st 70046.000000 389.000000 55.000000 649.000000 696.201000 0.000000 0.000000 19.457222 0.003926 1.072729 234.000000
mea04sz 133553.000000 560.000000 187.000000 1802.000000 1862.399000 0.000000 0.000000 37.098056 0.007486 1.033518 235.000000
mea04tas 156427.000000 1763.000000 612.000000 3398.000000 2987.522000 0.000000 0.000000 43.451944 0.008768 0.879200 236.000000
mea04tjf 106204.000000 891.000000 229.000000 1624.000000 2055.016000 0.000000 0.000000 29.501111 0.005953 1.265404 237.000000
mea04tn 963568.000000 28043.000000 762.000000 44454.000000 18988.240000 0.000000 0.000000 267.657778 0.054008 0.427144 238.000000
mea04wb 120667.000000 390.000000 168.000000 1103.000000 1199.581000 0.000000 0.000000 33.518611 0.006763 1.087562 239.000000
mea04wmw 6665.000000 0.000000 0.000000 21.000000 21.704000 0.000000 0.000000 1.851389 0.000374 1.033524 240.000000
mea04ymw 31789.000000 0.000000 0.000000 27601.000000 236.436000 0.000000 0.000000 8.830278 0.001782 0.008566 241.000000
mea05acc 7964.000000 32.000000 6.000000 60.000000 54.147000 0.000000 0.000000 2.212222 0.000446 0.902450 242.000000
mea05cm 366491.000000 657.000000 186.000000 2349.000000 2605.396000 0.000000 0.000000 101.803056 0.020542 1.109151 243.000000
mea05lhs 102580.000000 197.000000 59.000000 637.000000 632.611000 0.000000 0.000000 28.494444 0.005750 0.993110 244.000000
mea05rcb 120011.000000 3358.000000 171.000000 4021.000000 4834.750000 0.000000 0.000000 33.336389 0.006727 1.202375 245.000000
mea05tp 155494.000000 2373.000000 155.000000 4563.000000 5590.689000 0.000000 0.000000 43.192778 0.008716 1.225222 246.000000
mea05yh 11030.000000 0.000000 0.000000 31.000000 28.029000 0.000000 0.000000 3.063889 0.000618 0.904161 247.000000
meb03jdg 40884.000000 67.000000 4.000000 3109.000000 9783.959000 0.000000 0.000000 11.356667 0.002292 3.146979 248.000000
meb04cw 107115.000000 408.000000 69.000000 633.000000 714.615000 0.000000 0.000000 29.754167 0.006004 1.128934 249.000000
mep02wsw 2621027.000000 1169983.000000 39583.000000 1763016.000000 5151921.000000 0.000000 0.000000 728.063056 0.146910 2.922220 250.000000
mep03gwc 3221379.000000 1432725.000000 9366.000000 1677429.000000 1999355.774000 0.000000 0.000000 894.827500 0.180560 1.191917 251.000000
mep03jc 1541968.000000 553294.000000 2875.000000 621467.000000 90368.853000 0.000000 0.000000 428.324444 0.086428 0.145412 252.000000
mep03mt 91699.000000 46.000000 4.000000 84.000000 4.617000 0.000000 0.000000 25.471944 0.005140 0.054964 253.000000
mep03rc 31203.000000 0.000000 0.000000 9.000000 5.659000 0.000000 0.000000 8.667500 0.001749 0.628778 254.000000
mep03rfk 54897774.000000 22255809.000000 19425.000000 43630068.000000 74977449.775000 0.000000 0.000000 15249.381667 3.077045 1.718481 255.000000
mep03rv 18128.000000 444.000000 12.000000 1643.000000 2645.533000 0.000000 0.000000 5.035556 0.001016 1.610184 256.000000
mep03sa 99922.000000 276.000000 62.000000 1277.000000 1897.919000 0.000000 0.000000 27.756111 0.005601 1.486233 257.000000
mep03sm 33670.000000 0.000000 1.000000 8826.000000 11036.707000 0.000000 0.000000 9.352778 0.001887 1.250477 258.000000
mep04chc 2671687.000000 345357.000000 4379.000000 776160.000000 6336.834000 0.000000 0.000000 742.135278 0.149749 0.008164 259.000000
mep04jh 79378.000000 28.000000 3.000000 4691.000000 7815.286000 0.000000 0.000000 22.049444 0.004449 1.666017 260.000000
mep04nid 2665461.000000 104.000000 105.000000 60196.000000 4068.522000 0.000000 0.000000 740.405833 0.149400 0.067588 261.000000
mep04sb 67938731.000000 20854937.000000 18892.000000 53540729.000000 92679352.395000 0.000000 0.000000 18871.869722 3.807996 1.731007 262.000000
mep04sbc 24.000000 11.000000 0.000000 12.000000 22.261000 0.000000 0.000000 0.006667 0.000001 1.855083 263.000000
mep04ss 19742.000000 11.000000 18.000000 31.000000 2.717000 0.000000 0.000000 5.483889 0.001107 0.087645 264.000000
mep04tjd 1062775.000000 145350.000000 952.000000 291321.000000 365149.185000 0.000000 0.000000 295.215278 0.059569 1.253426 265.000000
mep05ama 2734663.000000 1153536.000000 7968.000000 1580280.000000 134721.947000 0.000000 0.000000 759.628611 0.153279 0.085252 266.000000
mep05asm 351770.000000 832.000000 1242.000000 4075.000000 1648.450000 0.000000 0.000000 97.713889 0.019717 0.404528 267.000000
mep05ea 885460.000000 272.000000 298.000000 9227.000000 14064.980000 0.000000 0.000000 245.961111 0.049630 1.524329 268.000000
mep05fg 183256.000000 27632.000000 8388.000000 114550.000000 316233.128000 0.000000 0.000000 50.904444 0.010272 2.760656 269.000000
mep05jk 93153.000000 796.000000 52.000000 953.000000 114.210000 0.000000 0.000000 25.875833 0.005221 0.119843 270.000000
mep05jsl 6106104.000000 4391540.000000 19739.000000 4412036.000000 645230.123000 0.000000 0.000000 1696.140000 0.342250 0.146243 271.000000
mep05mz 9370.000000 10.000000 1.000000 42.000000 26.021000 0.000000 0.000000 2.602778 0.000525 0.619548 272.000000
mep05rs 15.000000 0.000000 0.000000 0.000000 0.001000 0.000000 0.000000 0.004167 0.000001 0.000000 273.000000
mep06ee 283576.000000 7287.000000 59.000000 26195.000000 17445.327000 0.000000 0.000000 78.771111 0.015895 0.665979 274.000000
mep06jn 8181.000000 1.000000 0.000000 329.000000 44.428000 0.000000 0.000000 2.272500 0.000459 0.135040 275.000000
mep06jp 25759.000000 0.000000 0.000000 1625.000000 80.878000 0.000000 0.000000 7.155278 0.001444 0.049771 276.000000
mep06lf 276698.000000 446.000000 122.000000 2993.000000 3512.843000 0.000000 0.000000 76.860556 0.015509 1.173686 277.000000
mep06mam 22847.000000 6.000000 6.000000 184.000000 54.398000 0.000000 0.000000 6.346389 0.001281 0.295641 278.000000
mep06ns 12757.000000 145.000000 8.000000 1020.000000 374.091000 0.000000 0.000000 3.543611 0.000715 0.366756 279.000000
mep06nw 238186.000000 16715.000000 347.000000 108170.000000 21967.969000 0.000000 0.000000 66.162778 0.013350 0.203087 280.000000
mep06pej 70494.000000 3730.000000 339.000000 19080.000000 18287.489000 0.000000 0.000000 19.581667 0.003951 0.958464 281.000000
mep06rbj 26375.000000 9.000000 1.000000 24.000000 31.820000 0.000000 0.000000 7.326389 0.001478 1.325833 282.000000
mep06rm 6228.000000 23.000000 5.000000 40.000000 36.097000 0.000000 0.000000 1.730000 0.000349 0.902425 283.000000
mep06swn 104626.000000 892.000000 446.000000 2353.000000 2567.870000 0.000000 0.000000 29.062778 0.005864 1.091317 284.000000
mep06tat 406877.000000 394.000000 237.000000 1656.000000 1477.496000 0.000000 0.000000 113.021389 0.022806 0.892208 285.000000
mep06tmo 46604.000000 13.000000 14.000000 72.000000 59.941000 0.000000 0.000000 12.945556 0.002612 0.832514 286.000000
mep06ts 1102421.000000 12415.000000 2818.000000 23930.000000 25258.973000 0.000000 0.000000 306.228056 0.061791 1.055536 287.000000
mep06web 576953.000000 1010.000000 187.000000 2918.000000 2497.738000 0.000000 0.000000 160.264722 0.032338 0.855976 288.000000
mpp04cz 1885929.000000 583814.000000 262609.000000 1477181.000000 1244748.534000 0.000000 0.000000 523.869167 0.105707 0.842651 289.000000
mt1jh 31984.000000 1241.000000 53.000000 1294.000000 71.856000 0.000000 0.000000 8.884444 0.001793 0.055530 290.000000
mt1nam 602286.000000 9517.000000 329.000000 20768.000000 5315.319000 0.000000 0.000000 167.301667 0.033758 0.255938 291.000000
mta02pmc 3121066.000000 1715342.000000 14583.000000 2266341.000000 360402.792000 0.000000 0.000000 866.962778 0.174937 0.159024 292.000000
mta03vg 2832.000000 0.000000 0.000000 15.000000 15.533000 0.000000 0.000000 0.786667 0.000159 1.035533 293.000000
mta03yz 924424.000000 171353.000000 2276.000000 175223.000000 206575.440000 0.000000 0.000000 256.784444 0.051814 1.178929 294.000000
mta04ajr 162625.000000 817.000000 1838.000000 4663.000000 5155.000000 0.000000 0.000000 45.173611 0.009115 1.105511 295.000000
mta04ica 86144.000000 451.000000 1445.000000 4151.000000 4848.702000 0.000000 0.000000 23.928889 0.004828 1.168080 296.000000
mta04jc 187495.000000 882.000000 715.000000 3186.000000 3245.241000 0.000000 0.000000 52.081944 0.010509 1.018594 297.000000
mta04js 156870.000000 992.000000 76.000000 1677.000000 2034.117000 0.000000 0.000000 43.575000 0.008793 1.212950 298.000000
mta04kzc 501954.000000 11176.000000 1402.000000 14548.000000 23442.444000 0.000000 0.000000 139.431667 0.028135 1.611386 299.000000
mta04lm 104815.000000 328.000000 106.000000 1097.000000 1002.267000 0.000000 0.000000 29.115278 0.005875 0.913644 300.000000
mta04mh 220149.000000 915.000000 1352.000000 4839.000000 5029.136000 0.000000 0.000000 61.152500 0.012339 1.039292 301.000000
mta04mt 1655.000000 0.000000 0.000000 19.000000 25.771000 0.000000 0.000000 0.459722 0.000093 1.356368 302.000000
mta04pas 68131.000000 100.000000 17.000000 263.000000 220.934000 0.000000 0.000000 18.925278 0.003819 0.840053 303.000000
mta04rm 52545.000000 221.000000 96.000000 501.000000 461.947000 0.000000 0.000000 14.595833 0.002945 0.922050 304.000000
mtp04ajc 34212272.000000 14471967.000000 4935.000000 18990935.000000 833809.516000 0.000000 0.000000 9503.408889 1.917613 0.043906 305.000000
mtp04mtb 7596650.000000 4001587.000000 7173.000000 4077809.000000 2902880.909000 0.000000 0.000000 2110.180556 0.425796 0.711873 306.000000
mtp04vja 57507.000000 1067.000000 116.000000 1511.000000 1739.240000 0.000000 0.000000 15.974167 0.003223 1.151052 307.000000
mtp05rmc 70224.000000 25.000000 4.000000 112.000000 62.975000 0.000000 0.000000 19.506667 0.003936 0.562277 308.000000
mtp05rpc 858175.000000 33392.000000 3631.000000 126953.000000 125114.837000 0.000000 0.000000 238.381944 0.048101 0.985521 309.000000
mtp05sb 4963007.000000 4045476.000000 8159.000000 4053799.000000 857318.004000 0.000000 0.000000 1378.613056 0.278179 0.211485 310.000000
mtp05sgb 342150.000000 1169.000000 455.000000 1640.000000 33.962000 0.000000 0.000000 95.041667 0.019178 0.020709 311.000000
mtp06ia 3047.000000 0.000000 0.000000 0.000000 0.000000 0.000000 0.000000 0.846389 0.000171 0.000000 312.000000
ph1ed 98.000000 1.000000 0.000000 3.000000 1.838000 0.000000 0.000000 0.027222 0.000005 0.612667 313.000000
ph1gs 1885672.000000 116.000000 45.000000 1357761.000000 199217.875000 0.000000 0.000000 523.797778 0.105693 0.146725 314.000000
ph1kc 161834.000000 30845.000000 11.000000 40178.000000 9504.665000 0.000000 0.000000 44.953889 0.009071 0.236564 315.000000
ph1lr 77048.000000 49671.000000 669.000000 50373.000000 14647.078000 0.000000 0.000000 21.402222 0.004319 0.290772 316.000000
ph1pam 2942.000000 5.000000 0.000000 18.000000 11.543000 0.000000 0.000000 0.817222 0.000165 0.641278 317.000000
pha04ajm 127099.000000 104.000000 16.000000 629.000000 640.017000 0.000000 0.000000 35.305278 0.007124 1.017515 318.000000
php04arc 22771.000000 0.000000 7.000000 13.000000 0.709000 0.000000 0.000000 6.325278 0.001276 0.054538 319.000000
php04awb 1844068.000000 148178.000000 1005.000000 161166.000000 7150.600000 0.000000 0.000000 512.241111 0.103361 0.044368 320.000000
php04fb 7071.000000 962.000000 5.000000 967.000000 528.810000 0.000000 0.000000 1.964167 0.000396 0.546856 321.000000
php05cd 667964.000000 35888.000000 318.000000 37395.000000 326.204000 0.000000 0.000000 185.545556 0.037440 0.008723 322.000000
php97pnh 35.000000 0.000000 0.000000 0.000000 0.002000 0.000000 0.000000 0.009722 0.000002 0.000000 323.000000
pm1rjs 120379.000000 635.000000 80.000000 734.000000 1210.086000 0.000000 0.000000 33.438611 0.006747 1.648619 324.000000
st1ec 22760.000000 6734.000000 95.000000 14079.000000 11892.529000 0.000000 0.000000 6.322222 0.001276 0.844700 325.000000
st1lml 29847.000000 557.000000 41.000000 636.000000 1004.732000 0.000000 0.000000 8.290833 0.001673 1.579767 326.000000
trp02pgb 2131846.000000 442702.000000 8222.000000 550927.000000 2147833.476000 0.000000 0.000000 592.179444 0.119491 3.898581 327.000000
wrllepc 0.000000 0.000000 0.000000 0.000000 0.000000 0.000000 0.000000 0.000000 0.000000 0.000000 328.000000
wrllesnb 9778105.000000 7618925.000000 2329.000000 7621333.000000 221564.997000 0.000000 0.000000 2716.140278 0.548067 0.029072 329.000000
wryab 52428844.000000 25148117.000000 96630.000000 27402586.000000 305277.166000 0.000000 0.000000 14563.567778 2.938660 0.011140 330.000000
wrydsh 2896122.000000 1125872.000000 181441.000000 1547442.000000 40051.907000 0.000000 0.000000 804.478333 0.162329 0.025883 331.000000
wryxsk 11050540.000000 5601511.000000 694.000000 6944769.000000 41357.531000 0.000000 0.000000 3069.594444 0.619388 0.005955 332.000000
xu4ec 713554.000000 325.000000 24.000000 427.000000 598.473000 0.000000 0.000000 198.209444 0.039995 1.401576 333.000000
xu4kr 2537.000000 1934.000000 66.000000 2106.000000 344.477000 0.000000 0.000000 0.704722 0.000142 0.163569 334.000000
zza06aks 37664.000000 163.000000 21.000000 372.000000 435.023000 0.000000 0.000000 10.462222 0.002111 1.169417 335.000000
zza06av 249794.000000 875.000000 205.000000 2225.000000 2335.083000 0.000000 0.000000 69.387222 0.014001 1.049476 336.000000
zza06awr 19542.000000 23.000000 8.000000 135.000000 113.283000 0.000000 0.000000 5.428333 0.001095 0.839133 337.000000
zza06nph 429868.000000 44966.000000 741.000000 47742.000000 12824.324000 0.000000 0.000000 119.407778 0.024094 0.268617 338.000000
zza06pe 112124.000000 345.000000 111.000000 1849.000000 1619.531000 0.000000 0.000000 31.145556 0.006285 0.875896 339.000000
zza06pj 169996.000000 81548.000000 57.000000 81622.000000 18487.828000 0.000000 0.000000 47.221111 0.009528 0.226505 340.000000
zza06te 13471.000000 0.000000 0.000000 330.000000 552.478000 0.000000 0.000000 3.741944 0.000755 1.674176 341.000000
zzb06ym 142324.000000 193.000000 19.000000 760.000000 682.521000 0.000000 0.000000 39.534444 0.007977 0.898054 342.000000
zze06ms 397181.000000 2143.000000 579.000000 3711.000000 4281.589000 0.000000 0.000000 110.328056 0.022262 1.153756 343.000000
zzh06jh 144416.000000 1294.000000 510.000000 2434.000000 2629.632000 0.000000 0.000000 40.115556 0.008095 1.080375 344.000000
